vhs 1.2722646E-4 1.5593326E-4 1.0760788E-4 4.7973135E-5 2.1881275E-4 
!!! 2.5445293E-4 1.5593326E-4 1.0760788E-4 2.3986568E-4 1.8019874E-4 
half 1.2722646E-4 4.6779978E-4 4.304315E-4 6.2365073E-4 1.8019874E-4 
hands 1.2722646E-4 3.1186652E-4 2.1521575E-4 1.9189254E-4 1.673274E-4 
year 8.9058524E-4 9.3559956E-4 1.0760788E-4 6.716239E-4 8.108943E-4 
your 0.0025445293 0.0010915329 0.0035510599 0.0022547373 0.0023039696 
without 7.633588E-4 9.3559956E-4 0.0012912945 7.1959704E-4 6.9505227E-4 
these 0.0010178117 0.002338999 7.5325515E-4 0.0012473015 0.0016990167 
score 1.2722646E-4 3.1186652E-4 3.2282362E-4 1.9189254E-4 2.445554E-4 
music 5.0890585E-4 6.2373304E-4 0.0011836867 8.155433E-4 0.0013772332 
would 0.0039440203 0.0028067988 0.0022597655 0.003597985 0.0025227822 
pick 1.2722646E-4 1.5593326E-4 7.5325515E-4 1.9189254E-4 2.0594141E-4 
understanding 1.2722646E-4 1.5593326E-4 2.1521575E-4 4.7973135E-5 2.445554E-4 
because 0.0031806615 0.0024949322 0.002582589 0.0018229792 0.0016089173 
moving 2.5445293E-4 3.1186652E-4 3.2282362E-4 1.439194E-4 3.8614013E-4 
sister 2.5445293E-4 3.1186652E-4 4.304315E-4 3.8378508E-4 1.9307007E-4 
! 0.001653944 0.002338999 0.0015065103 0.002110818 0.004376255 
audience 3.816794E-4 3.1186652E-4 1.0760788E-4 1.439194E-4 1.673274E-4 
$ 0.0012722646 1.5593326E-4 3.2282362E-4 1.9189254E-4 1.1584204E-4 
gabriel 1.2722646E-4 3.1186652E-4 4.304315E-4 2.3986568E-4 3.2178345E-4 
excellent 1.2722646E-4 6.2373304E-4 3.2282362E-4 5.277045E-4 8.75251E-4 
& 5.0890585E-4 6.2373304E-4 6.4564723E-4 2.878388E-4 3.4752613E-4 
' 3.816794E-4 0.0017152659 0.0021521575 0.0015831135 0.0015059465 
* 3.816794E-4 1.5593326E-4 1.0760788E-4 1.439194E-4 1.9307007E-4 
- 0.0021628498 0.0015593326 0.001721726 0.0022067642 0.0021623848 
costumes 1.2722646E-4 6.2373304E-4 2.1521575E-4 3.8378508E-4 1.8019874E-4 
version 0.0010178117 0.0020271323 0.0012912945 0.0014871672 0.0011069351 
. 8.9058524E-4 4.6779978E-4 4.304315E-4 1.439194E-4 2.5742676E-4 
1 5.0890585E-4 7.796663E-4 1.0760788E-4 2.878388E-4 2.0594141E-4 
2 0.0011450382 0.0010915329 2.1521575E-4 7.1959704E-4 5.148535E-4 
3 5.0890585E-4 3.1186652E-4 6.4564723E-4 3.3581196E-4 1.9307007E-4 
4 1.2722646E-4 1.5593326E-4 1.0760788E-4 6.2365073E-4 2.445554E-4 
stop 3.816794E-4 3.1186652E-4 1.0760788E-4 1.439194E-4 2.0594141E-4 
5 3.816794E-4 1.5593326E-4 3.2282362E-4 5.277045E-4 2.960408E-4 
guess 6.361323E-4 6.2373304E-4 3.2282362E-4 2.3986568E-4 1.02970705E-4 
left 0.0010178117 0.0014033994 4.304315E-4 9.114896E-4 5.7921023E-4 
8 3.816794E-4 1.5593326E-4 2.1521575E-4 1.439194E-4 1.4158472E-4 
: 6.361323E-4 0.0015593326 0.0010760787 0.0036939315 0.0014544612 
; 5.0890585E-4 9.3559956E-4 0.0010760787 0.0017270328 0.0012099058 
much 0.001653944 0.0038983314 0.0023673733 0.0019189254 0.0019564433 
? 0.0029262085 0.0021830657 9.684709E-4 0.0014871672 0.0013643618 
telling 6.361323E-4 1.5593326E-4 1.0760788E-4 2.3986568E-4 1.5445605E-4 
role 5.0890585E-4 6.2373304E-4 4.304315E-4 6.716239E-4 2.0594141E-4 
least 3.816794E-4 6.2373304E-4 4.304315E-4 3.3581196E-4 3.8614013E-4 
alvarado 1.2722646E-4 1.5593326E-4 3.2282362E-4 3.8378508E-4 1.673274E-4 
talking 2.5445293E-4 4.6779978E-4 1.0760788E-4 2.878388E-4 2.0594141E-4 
turn 1.2722646E-4 4.6779978E-4 2.1521575E-4 1.9189254E-4 1.673274E-4 
licks 1.2722646E-4 6.2373304E-4 4.304315E-4 6.2365073E-4 3.8614013E-4 
example 1.2722646E-4 0.0012474661 2.1521575E-4 3.8378508E-4 1.1584204E-4 
arrived 5.0890585E-4 1.5593326E-4 2.1521575E-4 1.439194E-4 1.5445605E-4 
characters 0.0011450382 0.0017152659 9.684709E-4 0.0011513552 9.91093E-4 
same 0.0013994911 7.796663E-4 9.684709E-4 5.277045E-4 7.336663E-4 
after 8.9058524E-4 0.0018711991 8.60863E-4 8.155433E-4 0.001750502 
quiet 2.5445293E-4 3.1186652E-4 1.0760788E-4 1.9189254E-4 1.5445605E-4 
scott 5.0890585E-4 1.5593326E-4 1.0760788E-4 4.7973135E-5 1.8019874E-4 
close 5.0890585E-4 1.5593326E-4 2.1521575E-4 4.317582E-4 3.4752613E-4 
musician 2.5445293E-4 1.5593326E-4 2.1521575E-4 2.3986568E-4 1.673274E-4 
hand 1.2722646E-4 6.2373304E-4 3.2282362E-4 4.317582E-4 2.0594141E-4 
` 6.361323E-4 3.1186652E-4 0.0012912945 8.155433E-4 7.9802296E-4 
a 0.020610686 0.023234056 0.027009577 0.029599424 0.028793184 
ordered 5.0890585E-4 1.5593326E-4 1.0760788E-4 2.878388E-4 1.673274E-4 
sets 1.2722646E-4 6.2373304E-4 1.0760788E-4 2.878388E-4 1.4158472E-4 
learn 0.0011450382 9.3559956E-4 0.0011836867 0.0011033821 7.465376E-4 
i 0.027099237 0.019959457 0.019692242 0.023123052 0.02300108 
wyoming 2.5445293E-4 1.5593326E-4 4.304315E-4 5.756776E-4 2.960408E-4 
actresses 5.0890585E-4 4.6779978E-4 5.3803937E-4 2.3986568E-4 2.1881275E-4 
straight 3.816794E-4 4.6779978E-4 2.1521575E-4 4.7973136E-4 3.8614013E-4 
the 0.051017813 0.055200376 0.05208221 0.05612857 0.055629924 
fast 1.2722646E-4 3.1186652E-4 6.4564723E-4 1.439194E-4 2.5742676E-4 
days 7.633588E-4 6.2373304E-4 3.2282362E-4 9.594627E-5 4.1188282E-4 
obvious 5.0890585E-4 4.6779978E-4 1.0760788E-4 3.8378508E-4 1.1584204E-4 
thank 1.2722646E-4 1.5593326E-4 3.2282362E-4 4.7973135E-5 3.6039748E-4 
information 1.2722646E-4 4.6779978E-4 8.60863E-4 4.317582E-4 2.1881275E-4 
god 3.816794E-4 3.1186652E-4 3.2282362E-4 9.594627E-5 1.4158472E-4 
novel 3.816794E-4 3.1186652E-4 8.60863E-4 4.317582E-4 4.5049682E-4 
brokeback 0.0011450382 9.3559956E-4 8.60863E-4 0.0018229792 0.0026901097 
couple 3.816794E-4 3.1186652E-4 5.3803937E-4 4.7973136E-4 2.960408E-4 
notes 5.0890585E-4 4.6779978E-4 4.304315E-4 1.439194E-4 1.5445605E-4 
moved 5.0890585E-4 1.5593326E-4 1.0760788E-4 1.9189254E-4 2.8316944E-4 
good 0.0027989822 0.0015593326 0.0032282362 0.0036939315 0.0021623848 
got 7.633588E-4 3.1186652E-4 8.60863E-4 7.6757016E-4 8.2376564E-4 
faithful 2.5445293E-4 1.5593326E-4 3.2282362E-4 2.878388E-4 1.1584204E-4 
wish 3.816794E-4 3.1186652E-4 6.4564723E-4 4.7973136E-4 2.5742676E-4 
leave 2.5445293E-4 3.1186652E-4 3.2282362E-4 1.9189254E-4 3.6039748E-4 
serious 1.2722646E-4 4.6779978E-4 2.1521575E-4 4.7973135E-5 2.0594141E-4 
shred 1.2722646E-4 3.1186652E-4 1.0760788E-4 1.439194E-4 2.3168408E-4 
're 6.361323E-4 0.0012474661 0.0012912945 7.1959704E-4 4.5049682E-4 
helped 1.2722646E-4 1.5593326E-4 4.304315E-4 1.9189254E-4 2.445554E-4 
female 2.5445293E-4 1.5593326E-4 4.304315E-4 2.3986568E-4 1.5445605E-4 
others 3.816794E-4 4.6779978E-4 4.304315E-4 5.756776E-4 3.089121E-4 
add 5.0890585E-4 1.5593326E-4 5.3803937E-4 1.9189254E-4 2.960408E-4 
making 5.0890585E-4 3.1186652E-4 5.3803937E-4 9.594627E-5 3.8614013E-4 
need 3.816794E-4 3.1186652E-4 9.684709E-4 6.2365073E-4 6.3069555E-4 
wrote 1.2722646E-4 1.5593326E-4 1.0760788E-4 4.7973135E-5 2.5742676E-4 
its 8.9058524E-4 0.0024949322 0.0011836867 0.0020628448 0.0013772332 
often 2.5445293E-4 1.5593326E-4 5.3803937E-4 3.3581196E-4 2.8316944E-4 
check 2.5445293E-4 1.5593326E-4 1.0760788E-4 1.9189254E-4 1.5445605E-4 
drumming 1.2722646E-4 4.6779978E-4 1.0760788E-4 3.8378508E-4 2.8316944E-4 
lack 5.0890585E-4 1.5593326E-4 5.3803937E-4 9.594627E-5 1.5445605E-4 
volume 1.2722646E-4 4.6779978E-4 2.1521575E-4 2.878388E-4 1.8019874E-4 
gorgeous 2.5445293E-4 1.5593326E-4 1.0760788E-4 1.9189254E-4 1.8019874E-4 
guys 2.5445293E-4 3.1186652E-4 1.0760788E-4 1.439194E-4 3.089121E-4 
scenes 8.9058524E-4 7.796663E-4 4.304315E-4 6.716239E-4 6.5643823E-4 
supposed 3.816794E-4 7.796663E-4 3.2282362E-4 3.8378508E-4 1.2871338E-4 
child 1.2722646E-4 6.2373304E-4 2.1521575E-4 6.2365073E-4 3.346548E-4 
production 1.2722646E-4 3.1186652E-4 2.1521575E-4 1.439194E-4 2.5742676E-4 
young 5.0890585E-4 4.6779978E-4 4.304315E-4 0.0010074358 9.2673633E-4 
roles 2.5445293E-4 1.5593326E-4 3.2282362E-4 1.439194E-4 2.702981E-4 
instrument 1.2722646E-4 3.1186652E-4 2.1521575E-4 1.9189254E-4 1.8019874E-4 
society 5.0890585E-4 1.5593326E-4 1.0760788E-4 7.1959704E-4 5.5346754E-4 
happiness 1.2722646E-4 1.5593326E-4 1.0760788E-4 3.8378508E-4 1.8019874E-4 
romantic 2.5445293E-4 1.5593326E-4 2.1521575E-4 4.7973135E-5 3.732688E-4 
end 6.361323E-4 0.0010915329 7.5325515E-4 6.2365073E-4 7.9802296E-4 
hard 6.361323E-4 7.796663E-4 4.304315E-4 5.277045E-4 5.920816E-4 
lines 5.0890585E-4 9.3559956E-4 3.2282362E-4 1.439194E-4 1.9307007E-4 
live 2.5445293E-4 4.6779978E-4 5.3803937E-4 7.6757016E-4 7.7228027E-4 
jake 3.816794E-4 3.1186652E-4 5.3803937E-4 5.756776E-4 7.9802296E-4 
rich 3.816794E-4 1.5593326E-4 1.0760788E-4 1.9189254E-4 1.5445605E-4 
realized 2.5445293E-4 4.6779978E-4 2.1521575E-4 2.3986568E-4 1.673274E-4 
message 6.361323E-4 4.6779978E-4 5.3803937E-4 1.9189254E-4 2.8316944E-4 
better 0.0017811705 0.0012474661 0.0012912945 0.001055409 7.9802296E-4 
special 1.2722646E-4 4.6779978E-4 5.3803937E-4 3.8378508E-4 1.5445605E-4 
with 0.0064885495 0.006081397 0.010007532 0.008923003 0.009061422 
truth 2.5445293E-4 1.5593326E-4 2.1521575E-4 1.439194E-4 1.673274E-4 
there 0.0021628498 0.003586465 0.004411923 0.0033101463 0.0025356535 
well 0.001908397 0.0017152659 0.001721726 0.0019189254 0.0019950573 
family 7.633588E-4 6.2373304E-4 0.0012912945 0.0014871672 0.0013514905 
age 2.5445293E-4 1.5593326E-4 3.2282362E-4 2.3986568E-4 2.702981E-4 
enjoyed 1.2722646E-4 4.6779978E-4 3.2282362E-4 2.878388E-4 3.346548E-4 
feminist 5.0890585E-4 0.0010915329 7.5325515E-4 1.439194E-4 2.0594141E-4 
taking 2.5445293E-4 3.1186652E-4 3.2282362E-4 3.8378508E-4 1.5445605E-4 
gift 2.5445293E-4 4.6779978E-4 3.2282362E-4 1.9189254E-4 2.3168408E-4 
romance 2.5445293E-4 3.1186652E-4 3.2282362E-4 2.878388E-4 2.445554E-4 
career 1.2722646E-4 4.6779978E-4 1.0760788E-4 1.439194E-4 1.5445605E-4 
called 2.5445293E-4 1.5593326E-4 3.2282362E-4 2.3986568E-4 1.1584204E-4 
movie 0.0055979644 0.0062373304 0.0040890994 0.0055169105 0.009383205 
told 2.5445293E-4 4.6779978E-4 2.1521575E-4 2.3986568E-4 2.0594141E-4 
ago 5.0890585E-4 4.6779978E-4 2.1521575E-4 1.439194E-4 3.732688E-4 
focus 3.816794E-4 1.5593326E-4 2.1521575E-4 3.8378508E-4 7.7228025E-5 
american 6.361323E-4 6.2373304E-4 2.1521575E-4 1.439194E-4 2.445554E-4 
entire 2.5445293E-4 1.5593326E-4 2.1521575E-4 2.3986568E-4 2.960408E-4 
approach 1.2722646E-4 4.6779978E-4 2.1521575E-4 9.594627E-5 1.5445605E-4 
years 8.9058524E-4 6.2373304E-4 0.0011836867 0.0011993283 0.0019950573 
tried 0.0010178117 1.5593326E-4 2.1521575E-4 2.3986568E-4 1.02970705E-4 
loved 1.2722646E-4 6.2373304E-4 3.2282362E-4 5.756776E-4 8.75251E-4 
've 5.0890585E-4 0.0010915329 0.0011836867 0.0014391941 0.0013386192 
portrayed 3.816794E-4 3.1186652E-4 1.0760788E-4 2.878388E-4 2.0594141E-4 
williams 3.816794E-4 1.5593326E-4 1.0760788E-4 2.878388E-4 3.089121E-4 
hate 1.2722646E-4 1.5593326E-4 1.0760788E-4 4.317582E-4 2.0594141E-4 
jerry 3.816794E-4 1.5593326E-4 9.684709E-4 4.7973135E-5 7.7228025E-5 
cowboys 0.0013994911 6.2373304E-4 2.1521575E-4 3.8378508E-4 3.2178345E-4 
write 1.2722646E-4 1.5593326E-4 3.2282362E-4 2.3986568E-4 1.2871338E-4 
order 0.0010178117 3.1186652E-4 1.0760788E-4 5.277045E-4 2.3168408E-4 
oscar 2.5445293E-4 6.2373304E-4 1.0760788E-4 3.3581196E-4 6.049529E-4 
similar 1.2722646E-4 1.5593326E-4 2.1521575E-4 3.3581196E-4 1.2871338E-4 
period 3.816794E-4 7.796663E-4 6.4564723E-4 4.317582E-4 3.346548E-4 
went 5.0890585E-4 1.5593326E-4 2.1521575E-4 3.3581196E-4 3.4752613E-4 
musical 2.5445293E-4 1.5593326E-4 1.0760788E-4 3.3581196E-4 2.8316944E-4 
nothing 7.633588E-4 0.0015593326 0.0016141181 4.7973136E-4 4.1188282E-4 
understand 1.2722646E-4 4.6779978E-4 7.5325515E-4 7.1959704E-4 6.049529E-4 
wives 1.2722646E-4 3.1186652E-4 4.304315E-4 2.878388E-4 3.732688E-4 
script 1.2722646E-4 6.2373304E-4 2.1521575E-4 1.439194E-4 1.9307007E-4 
ever 3.816794E-4 0.0010915329 4.304315E-4 4.7973136E-4 0.0012485198 
loving 1.2722646E-4 3.1186652E-4 2.1521575E-4 1.9189254E-4 3.089121E-4 
etc. 8.9058524E-4 6.2373304E-4 3.2282362E-4 3.3581196E-4 2.8316944E-4 
even 0.003562341 0.0021830657 0.001829334 0.0018709523 0.001789116 
women 6.361323E-4 0.0018711991 0.0015065103 0.0019189254 0.0019950573 
other 0.0024173027 0.002338999 0.001721726 0.002830415 0.0024584255 
woman 3.816794E-4 6.2373304E-4 4.304315E-4 4.7973136E-4 5.2772486E-4 
singer 3.816794E-4 1.5593326E-4 5.3803937E-4 1.439194E-4 2.1881275E-4 
tone 3.816794E-4 1.5593326E-4 2.1521575E-4 2.3986568E-4 1.1584204E-4 
against 5.0890585E-4 3.1186652E-4 3.2282362E-4 2.3986568E-4 3.2178345E-4 
chords 1.2722646E-4 1.5593326E-4 2.1521575E-4 1.9189254E-4 2.1881275E-4 
matter 1.2722646E-4 1.5593326E-4 2.1521575E-4 3.3581196E-4 4.2475417E-4 
top 1.2722646E-4 1.5593326E-4 1.0760788E-4 1.9189254E-4 2.1881275E-4 
era 1.2722646E-4 3.1186652E-4 3.2282362E-4 9.594627E-5 1.673274E-4 
too 0.0020356234 0.0032745984 0.0019369418 0.0014871672 9.52479E-4 
-rrb- 0.0027989822 0.0051457975 0.0037662757 0.0061405613 0.005135664 
rights 1.2722646E-4 3.1186652E-4 1.0760788E-4 2.878388E-4 1.8019874E-4 
have 0.0077608144 0.0062373304 0.0067792963 0.0064284 0.0067574526 
casting 5.0890585E-4 1.5593326E-4 2.1521575E-4 1.9189254E-4 2.3168408E-4 
share 1.2722646E-4 3.1186652E-4 1.0760788E-4 2.878388E-4 1.8019874E-4 
gilbert 1.2722646E-4 1.5593326E-4 1.0760788E-4 1.9189254E-4 2.445554E-4 
product 0.0013994911 3.1186652E-4 8.60863E-4 4.7973136E-4 3.8614013E-4 
particularly 3.816794E-4 1.5593326E-4 3.2282362E-4 2.3986568E-4 2.3168408E-4 
bought 6.361323E-4 0.0015593326 6.4564723E-4 8.155433E-4 6.435669E-4 
loves 1.2722646E-4 3.1186652E-4 1.0760788E-4 2.878388E-4 3.9901148E-4 
spirit 2.5445293E-4 3.1186652E-4 1.0760788E-4 1.9189254E-4 1.8019874E-4 
picture 3.816794E-4 4.6779978E-4 1.0760788E-4 5.277045E-4 5.148535E-4 
powerful 1.2722646E-4 1.5593326E-4 3.2282362E-4 4.7973135E-5 3.4752613E-4 
heartbreaking 1.2722646E-4 1.5593326E-4 2.1521575E-4 4.7973135E-5 1.9307007E-4 
minor 1.2722646E-4 4.6779978E-4 4.304315E-4 1.439194E-4 1.1584204E-4 
almost 3.816794E-4 7.796663E-4 2.1521575E-4 2.878388E-4 6.3069555E-4 
screen 1.2722646E-4 1.5593326E-4 6.4564723E-4 3.8378508E-4 4.5049682E-4 
upon 2.5445293E-4 1.5593326E-4 1.0760788E-4 1.9189254E-4 2.3168408E-4 
whether 3.816794E-4 4.6779978E-4 2.1521575E-4 1.9189254E-4 3.2178345E-4 
quite 2.5445293E-4 6.2373304E-4 7.5325515E-4 6.2365073E-4 5.2772486E-4 
intense 1.2722646E-4 1.5593326E-4 1.0760788E-4 4.7973135E-5 2.702981E-4 
all 0.0043256995 0.0051457975 0.0027978048 0.0030223075 0.0049425936 
always 2.5445293E-4 6.2373304E-4 6.4564723E-4 5.756776E-4 9.396077E-4 
actress 1.2722646E-4 6.2373304E-4 4.304315E-4 4.317582E-4 1.5445605E-4 
new 0.0010178117 6.2373304E-4 0.0010760787 0.0014391941 8.36637E-4 
took 7.633588E-4 9.3559956E-4 2.1521575E-4 2.3986568E-4 3.4752613E-4 
including 1.2722646E-4 1.5593326E-4 1.0760788E-4 2.3986568E-4 2.5742676E-4 
read 0.0012722646 0.0010915329 7.5325515E-4 6.716239E-4 9.2673633E-4 
already 6.361323E-4 0.0010915329 9.684709E-4 5.756776E-4 6.3069555E-4 
everyone 6.361323E-4 3.1186652E-4 3.2282362E-4 4.317582E-4 8.881223E-4 
touch 2.5445293E-4 3.1186652E-4 1.0760788E-4 2.3986568E-4 1.673274E-4 
plenty 2.5445293E-4 1.5593326E-4 1.0760788E-4 1.439194E-4 1.673274E-4 
less 7.633588E-4 1.5593326E-4 4.304315E-4 2.878388E-4 2.960408E-4 
real 0.0013994911 6.2373304E-4 7.5325515E-4 7.1959704E-4 8.108943E-4 
christmas 5.0890585E-4 4.6779978E-4 3.2282362E-4 2.878388E-4 4.762395E-4 
improve 1.2722646E-4 1.5593326E-4 3.2282362E-4 2.878388E-4 1.1584204E-4 
were 0.0025445293 0.002338999 0.001829334 0.0018709523 0.0015831746 
scales 3.816794E-4 1.5593326E-4 2.1521575E-4 4.7973135E-5 2.5742676E-4 
try 7.633588E-4 3.1186652E-4 5.3803937E-4 2.3986568E-4 2.5742676E-4 
basic 2.5445293E-4 4.6779978E-4 3.2282362E-4 3.8378508E-4 1.9307007E-4 
twist 1.2722646E-4 1.5593326E-4 4.304315E-4 3.8378508E-4 3.9901148E-4 
technique 8.9058524E-4 1.5593326E-4 8.60863E-4 3.3581196E-4 5.405962E-4 
amy 6.361323E-4 0.0015593326 0.0013989024 0.0016310866 6.435669E-4 
scenery 3.816794E-4 3.1186652E-4 3.2282362E-4 1.9189254E-4 2.5742676E-4 
around 7.633588E-4 6.2373304E-4 7.5325515E-4 5.756776E-4 5.920816E-4 
teaches 2.5445293E-4 1.5593326E-4 3.2282362E-4 9.594627E-5 2.3168408E-4 
times 6.361323E-4 7.796663E-4 4.304315E-4 5.756776E-4 0.0010811924 
teacher 3.816794E-4 3.1186652E-4 3.2282362E-4 2.878388E-4 4.5049682E-4 
and 0.02697201 0.030095119 0.030668246 0.032813624 0.039875407 
today 2.5445293E-4 3.1186652E-4 3.2282362E-4 2.878388E-4 4.5049682E-4 
working 2.5445293E-4 4.6779978E-4 1.0760788E-4 2.3986568E-4 3.089121E-4 
ang 6.361323E-4 0.0010915329 2.1521575E-4 8.155433E-4 6.3069555E-4 
saying 5.0890585E-4 4.6779978E-4 6.4564723E-4 4.317582E-4 1.2871338E-4 
says 5.0890585E-4 6.2373304E-4 5.3803937E-4 3.3581196E-4 2.960408E-4 
timeless 1.2722646E-4 3.1186652E-4 2.1521575E-4 1.9189254E-4 2.445554E-4 
direction 1.2722646E-4 1.5593326E-4 4.304315E-4 2.878388E-4 2.3168408E-4 
tuner 1.2722646E-4 1.5593326E-4 1.0760788E-4 5.756776E-4 1.1584204E-4 
cry 1.2722646E-4 3.1186652E-4 3.2282362E-4 4.7973135E-5 3.732688E-4 
any 0.0013994911 9.3559956E-4 0.001721726 0.0011513552 0.0013901045 
despite 1.2722646E-4 4.6779978E-4 4.304315E-4 1.9189254E-4 2.8316944E-4 
chord 1.2722646E-4 4.6779978E-4 1.0760788E-4 9.594627E-5 1.673274E-4 
fantastic 1.2722646E-4 1.5593326E-4 2.1521575E-4 1.439194E-4 2.702981E-4 
until 3.816794E-4 7.796663E-4 1.0760788E-4 2.3986568E-4 3.8614013E-4 
interested 5.0890585E-4 4.6779978E-4 5.3803937E-4 9.594627E-5 2.445554E-4 
reason 5.0890585E-4 4.6779978E-4 3.2282362E-4 6.716239E-4 2.5742676E-4 
thought 8.9058524E-4 0.0010915329 0.0010760787 7.6757016E-4 6.5643823E-4 
marry 2.5445293E-4 1.5593326E-4 2.1521575E-4 5.756776E-4 1.9307007E-4 
lee 8.9058524E-4 9.3559956E-4 6.4564723E-4 8.155433E-4 8.2376564E-4 
beautiful 3.816794E-4 6.2373304E-4 7.5325515E-4 6.716239E-4 0.0010811924 
mountain 0.0010178117 6.2373304E-4 8.60863E-4 0.001775006 0.0024841682 
worked 1.2722646E-4 1.5593326E-4 1.0760788E-4 9.594627E-5 1.9307007E-4 
ryder 7.633588E-4 7.796663E-4 8.60863E-4 8.155433E-4 9.396077E-4 
let 7.633588E-4 3.1186652E-4 3.2282362E-4 2.878388E-4 3.9901148E-4 
n't 0.009541985 0.008264462 0.0064564724 0.0062365076 0.004955465 
state 3.816794E-4 1.5593326E-4 2.1521575E-4 2.3986568E-4 1.2871338E-4 
events 1.2722646E-4 7.796663E-4 1.0760788E-4 1.439194E-4 1.2871338E-4 
fully 1.2722646E-4 3.1186652E-4 4.304315E-4 2.3986568E-4 2.0594141E-4 
using 1.2722646E-4 1.5593326E-4 3.2282362E-4 3.3581196E-4 3.2178345E-4 
expected 5.0890585E-4 4.6779978E-4 1.0760788E-4 1.439194E-4 2.1881275E-4 
night 3.816794E-4 4.6779978E-4 3.2282362E-4 4.317582E-4 3.732688E-4 
want 0.001653944 6.2373304E-4 0.0012912945 0.001055409 7.851516E-4 
drummers 1.2722646E-4 3.1186652E-4 1.0760788E-4 2.3986568E-4 1.8019874E-4 
each 7.633588E-4 9.3559956E-4 7.5325515E-4 0.0015351403 0.0014415899 
himself 2.5445293E-4 1.5593326E-4 1.0760788E-4 3.3581196E-4 3.732688E-4 
wanted 7.633588E-4 1.5593326E-4 5.3803937E-4 5.277045E-4 3.8614013E-4 
must 6.361323E-4 7.796663E-4 3.2282362E-4 5.756776E-4 9.91093E-4 
feels 2.5445293E-4 6.2373304E-4 2.1521575E-4 3.8378508E-4 1.2871338E-4 
cut 1.2722646E-4 1.5593326E-4 4.304315E-4 2.878388E-4 1.02970705E-4 
perfectly 2.5445293E-4 3.1186652E-4 1.0760788E-4 1.9189254E-4 2.5742676E-4 
maybe 0.0010178117 4.6779978E-4 1.0760788E-4 4.317582E-4 2.445554E-4 
probably 1.2722646E-4 3.1186652E-4 2.1521575E-4 6.2365073E-4 4.1188282E-4 
another 8.9058524E-4 9.3559956E-4 7.5325515E-4 7.1959704E-4 8.623797E-4 
instructional 3.816794E-4 9.3559956E-4 5.3803937E-4 2.3986568E-4 3.6039748E-4 
students 1.2722646E-4 4.6779978E-4 6.4564723E-4 1.9189254E-4 9.009937E-5 
recommend 3.816794E-4 6.2373304E-4 4.304315E-4 9.594627E-4 8.108943E-4 
giving 3.816794E-4 4.6779978E-4 4.304315E-4 1.439194E-4 1.5445605E-4 
two 0.0026717556 0.0024949322 8.60863E-4 0.002542576 0.0022910982 
anyway 3.816794E-4 3.1186652E-4 3.2282362E-4 1.439194E-4 1.5445605E-4 
moment 2.5445293E-4 1.5593326E-4 3.2282362E-4 1.439194E-4 2.960408E-4 
worth 5.0890585E-4 4.6779978E-4 7.5325515E-4 2.878388E-4 5.2772486E-4 
pop 3.816794E-4 9.3559956E-4 1.0760788E-4 7.1959704E-4 2.5742676E-4 
danes 3.816794E-4 4.6779978E-4 8.60863E-4 5.756776E-4 3.9901148E-4 
found 8.9058524E-4 9.3559956E-4 8.60863E-4 8.635164E-4 5.663389E-4 
are 0.005852417 0.0068610637 0.0049499623 0.006044615 0.0064227977 
does 0.0026717556 0.003586465 0.003658668 0.0029743344 0.0016990167 
taken 2.5445293E-4 1.5593326E-4 4.304315E-4 1.9189254E-4 2.445554E-4 
came 5.0890585E-4 4.6779978E-4 4.304315E-4 3.8378508E-4 2.960408E-4 
where 0.0011450382 0.0010915329 0.0011836867 0.0011033821 0.0010168357 
expectations 1.2722646E-4 7.796663E-4 1.0760788E-4 2.878388E-4 1.2871338E-4 
takes 2.5445293E-4 3.1186652E-4 6.4564723E-4 4.317582E-4 2.702981E-4 
gives 3.816794E-4 7.796663E-4 3.2282362E-4 4.317582E-4 3.089121E-4 
kids 1.2722646E-4 1.5593326E-4 2.1521575E-4 3.8378508E-4 1.8019874E-4 
think 0.0020356234 0.0012474661 0.0016141181 0.0015831135 0.0013128765 
art 2.5445293E-4 3.1186652E-4 5.3803937E-4 9.594627E-5 2.960408E-4 
... 0.0025445293 0.0031186652 0.002690197 0.0020628448 0.0023425836 
boring 8.9058524E-4 7.796663E-4 2.1521575E-4 2.3986568E-4 3.8614013E-5 
such 8.9058524E-4 4.6779978E-4 8.60863E-4 8.635164E-4 0.0012871338 
classic 6.361323E-4 4.6779978E-4 4.304315E-4 6.2365073E-4 8.36637E-4 
tragedy 3.816794E-4 4.6779978E-4 1.0760788E-4 4.7973135E-5 2.445554E-4 
watch 8.9058524E-4 0.0014033994 9.684709E-4 0.0010074358 0.0015960459 
feelings 2.5445293E-4 1.5593326E-4 3.2282362E-4 6.716239E-4 5.148535E-4 
thing 0.0015267176 7.796663E-4 0.0016141181 8.155433E-4 8.108943E-4 
through 8.9058524E-4 4.6779978E-4 9.684709E-4 0.0011993283 7.9802296E-4 
jazz 6.361323E-4 6.2373304E-4 1.0760788E-4 9.594627E-5 5.7921023E-4 
anne 2.5445293E-4 3.1186652E-4 2.1521575E-4 2.878388E-4 1.9307007E-4 
had 0.0022900763 0.0021830657 0.0020445497 0.002494603 0.0026901097 
portrayal 1.2722646E-4 4.6779978E-4 5.3803937E-4 2.3986568E-4 3.732688E-4 
screenplay 1.2722646E-4 3.1186652E-4 1.0760788E-4 1.9189254E-4 2.3168408E-4 
mother 2.5445293E-4 6.2373304E-4 3.2282362E-4 1.439194E-4 3.732688E-4 
unable 2.5445293E-4 1.5593326E-4 1.0760788E-4 9.594627E-5 2.0594141E-4 
disappointed 0.0010178117 4.6779978E-4 1.0760788E-4 2.3986568E-4 2.445554E-4 
either 6.361323E-4 4.6779978E-4 5.3803937E-4 4.317582E-4 2.1881275E-4 
view 2.5445293E-4 3.1186652E-4 3.2282362E-4 2.3986568E-4 1.673274E-4 
holidays 1.2722646E-4 1.5593326E-4 1.0760788E-4 1.9189254E-4 1.673274E-4 
school 1.2722646E-4 3.1186652E-4 3.2282362E-4 1.9189254E-4 1.8019874E-4 
things 7.633588E-4 6.2373304E-4 7.5325515E-4 0.0010074358 8.36637E-4 
yourself 3.816794E-4 1.5593326E-4 5.3803937E-4 1.439194E-4 3.732688E-4 
has 0.0021628498 0.0028067988 0.003443452 0.0028783882 0.0034495187 
helpful 1.2722646E-4 4.6779978E-4 2.1521575E-4 4.317582E-4 1.5445605E-4 
starts 2.5445293E-4 4.6779978E-4 1.0760788E-4 2.3986568E-4 1.2871338E-4 
those 5.0890585E-4 9.3559956E-4 0.0012912945 7.1959704E-4 0.0011326778 
realize 1.2722646E-4 1.5593326E-4 3.2282362E-4 3.8378508E-4 1.9307007E-4 
actual 2.5445293E-4 6.2373304E-4 5.3803937E-4 2.3986568E-4 9.009937E-5 
given 2.5445293E-4 4.6779978E-4 4.304315E-4 1.439194E-4 2.8316944E-4 
imagine 3.816794E-4 3.1186652E-4 1.0760788E-4 1.9189254E-4 2.702981E-4 
last 1.2722646E-4 1.5593326E-4 4.304315E-4 4.317582E-4 5.2772486E-4 
superb 1.2722646E-4 3.1186652E-4 2.1521575E-4 3.3581196E-4 2.960408E-4 
footage 2.5445293E-4 3.1186652E-4 4.304315E-4 5.756776E-4 1.02970705E-4 
might 6.361323E-4 7.796663E-4 7.5325515E-4 8.155433E-4 3.2178345E-4 
eric 2.5445293E-4 1.5593326E-4 1.0760788E-4 1.9189254E-4 1.9307007E-4 
girl 2.5445293E-4 9.3559956E-4 5.3803937E-4 4.7973136E-4 1.9307007E-4 
whatever 3.816794E-4 3.1186652E-4 3.2282362E-4 9.594627E-5 1.673274E-4 
screaming 3.816794E-4 7.796663E-4 0.0013989024 0.0011033821 5.663389E-4 
longer 1.2722646E-4 1.5593326E-4 3.2282362E-4 2.878388E-4 1.1584204E-4 
warm 2.5445293E-4 1.5593326E-4 4.304315E-4 1.9189254E-4 1.673274E-4 
watched 2.5445293E-4 4.6779978E-4 7.5325515E-4 5.277045E-4 5.920816E-4 
involved 1.2722646E-4 1.5593326E-4 5.3803937E-4 1.9189254E-4 2.702981E-4 
overall 2.5445293E-4 3.1186652E-4 5.3803937E-4 5.756776E-4 2.0594141E-4 
1949 2.5445293E-4 9.3559956E-4 4.304315E-4 9.594627E-5 1.4158472E-4 
playing 0.001908397 7.796663E-4 0.0011836867 9.594627E-4 0.0013128765 
full 7.633588E-4 3.1186652E-4 5.3803937E-4 3.3581196E-4 2.702981E-4 
next 5.0890585E-4 3.1186652E-4 6.4564723E-4 3.8378508E-4 3.732688E-4 
away 5.0890585E-4 3.1186652E-4 5.3803937E-4 5.756776E-4 5.405962E-4 
michelle 3.816794E-4 1.5593326E-4 1.0760788E-4 2.878388E-4 3.089121E-4 
book 0.0036895673 0.0053017307 0.0030130206 0.0023986567 0.0024970395 
nearly 2.5445293E-4 1.5593326E-4 4.304315E-4 2.878388E-4 1.2871338E-4 
show 0.0012722646 6.2373304E-4 9.684709E-4 5.277045E-4 5.5346754E-4 
video 6.361323E-4 0.002338999 0.001829334 0.0016790597 8.2376564E-4 
house 3.816794E-4 1.5593326E-4 5.3803937E-4 4.7973135E-5 2.1881275E-4 
anything 5.0890585E-4 0.0010915329 9.684709E-4 4.7973136E-4 4.6336817E-4 
shot 2.5445293E-4 1.5593326E-4 2.1521575E-4 9.594627E-5 1.8019874E-4 
alma 2.5445293E-4 1.5593326E-4 2.1521575E-4 9.594627E-5 3.732688E-4 
not 0.009669211 0.007016997 0.007747767 0.006044615 0.006474283 
now 0.0010178117 9.3559956E-4 0.0011836867 7.1959704E-4 9.2673633E-4 
lived 1.2722646E-4 1.5593326E-4 3.2282362E-4 1.9189254E-4 1.673274E-4 
early 1.2722646E-4 6.2373304E-4 3.2282362E-4 1.9189254E-4 2.960408E-4 
hours 5.0890585E-4 3.1186652E-4 2.1521575E-4 2.3986568E-4 2.1881275E-4 
pain 2.5445293E-4 1.5593326E-4 1.0760788E-4 2.3986568E-4 2.702981E-4 
armstrong 1.2722646E-4 6.2373304E-4 1.0760788E-4 4.317582E-4 1.8019874E-4 
breaks 1.2722646E-4 1.5593326E-4 2.1521575E-4 9.594627E-5 1.8019874E-4 
learned 2.5445293E-4 1.5593326E-4 1.0760788E-4 2.3986568E-4 1.673274E-4 
yes 5.0890585E-4 3.1186652E-4 2.1521575E-4 3.8378508E-4 2.702981E-4 
purchase 5.0890585E-4 4.6779978E-4 2.1521575E-4 9.594627E-5 2.1881275E-4 
start 1.2722646E-4 1.5593326E-4 6.4564723E-4 5.756776E-4 3.2178345E-4 
was 0.010178117 0.009044129 0.011083611 0.010074358 0.008688153 
war 2.5445293E-4 1.5593326E-4 1.0760788E-4 1.439194E-4 2.445554E-4 
yet 6.361323E-4 3.1186652E-4 5.3803937E-4 8.155433E-4 8.75251E-4 
stars 3.816794E-4 4.6779978E-4 9.684709E-4 7.1959704E-4 2.0594141E-4 
way 0.0013994911 0.0014033994 9.684709E-4 0.0018709523 0.0015316892 
1963 1.2722646E-4 1.5593326E-4 1.0760788E-4 2.3986568E-4 3.4752613E-4 
what 0.003816794 0.002338999 0.0031206284 0.0027344688 0.00346239 
short 1.2722646E-4 3.1186652E-4 4.304315E-4 6.2365073E-4 4.762395E-4 
time 0.0026717556 0.0024949322 0.002690197 0.0025905492 0.0031148638 
riley 1.2722646E-4 3.1186652E-4 3.2282362E-4 1.439194E-4 3.6039748E-4 
play 0.0013994911 9.3559956E-4 0.0012912945 8.155433E-4 0.0011712918 
happy 5.0890585E-4 4.6779978E-4 2.1521575E-4 6.716239E-4 6.3069555E-4 
quickly 1.2722646E-4 3.1186652E-4 1.0760788E-4 2.878388E-4 2.1881275E-4 
program 3.816794E-4 1.5593326E-4 2.1521575E-4 1.9189254E-4 1.673274E-4 
issues 2.5445293E-4 1.5593326E-4 3.2282362E-4 1.9189254E-4 1.2871338E-4 
three 5.0890585E-4 4.6779978E-4 6.4564723E-4 2.3986568E-4 2.702981E-4 
when 0.0034351144 0.0021830657 0.0024749811 0.0022067642 0.0030633784 
put 0.0012722646 1.5593326E-4 5.3803937E-4 5.756776E-4 4.2475417E-4 
cast 6.361323E-4 4.6779978E-4 2.1521575E-4 3.3581196E-4 5.405962E-4 
-lrb- 0.0026717556 0.0049898643 0.003658668 0.006092588 0.004994079 
fan 1.2722646E-4 1.5593326E-4 4.304315E-4 2.3986568E-4 2.3168408E-4 
piano 2.5445293E-4 4.6779978E-4 8.60863E-4 1.9189254E-4 1.5445605E-4 
her 0.0021628498 0.0040542646 0.004627139 0.004173663 0.00326932 
far 7.633588E-4 4.6779978E-4 7.5325515E-4 4.317582E-4 5.7921023E-4 
truly 2.5445293E-4 3.1186652E-4 2.1521575E-4 1.9189254E-4 6.5643823E-4 
case 2.5445293E-4 4.6779978E-4 3.2282362E-4 3.8378508E-4 1.8019874E-4 
give 6.361323E-4 0.0010915329 0.0012912945 0.0011513552 4.376255E-4 
cowboy 6.361323E-4 3.1186652E-4 2.1521575E-4 3.8378508E-4 4.2475417E-4 
item 0.0013994911 1.5593326E-4 2.1521575E-4 1.9189254E-4 7.7228025E-5 
having 8.9058524E-4 7.796663E-4 6.4564723E-4 7.1959704E-4 6.178242E-4 
lives 2.5445293E-4 4.6779978E-4 3.2282362E-4 4.7973136E-4 6.3069555E-4 
double 1.2722646E-4 3.1186652E-4 2.1521575E-4 2.878388E-4 1.9307007E-4 
players 6.361323E-4 3.1186652E-4 2.1521575E-4 4.7973135E-5 1.2871338E-4 
lesson 2.5445293E-4 6.2373304E-4 4.304315E-4 1.9189254E-4 1.673274E-4 
light 2.5445293E-4 3.1186652E-4 2.1521575E-4 1.439194E-4 1.4158472E-4 
vocals 5.0890585E-4 1.5593326E-4 8.60863E-4 1.439194E-4 1.4158472E-4 
style 3.816794E-4 1.5593326E-4 3.2282362E-4 1.9189254E-4 3.346548E-4 
completely 2.5445293E-4 9.3559956E-4 5.3803937E-4 4.7973136E-4 2.5742676E-4 
societal 1.2722646E-4 3.1186652E-4 1.0760788E-4 9.594627E-5 1.8019874E-4 
care 2.5445293E-4 1.5593326E-4 1.0760788E-4 3.8378508E-4 1.9307007E-4 
teaching 7.633588E-4 4.6779978E-4 3.2282362E-4 2.3986568E-4 1.4158472E-4 
cinematography 2.5445293E-4 3.1186652E-4 2.1521575E-4 4.7973136E-4 3.6039748E-4 
lot 5.0890585E-4 6.2373304E-4 8.60863E-4 0.0012473015 6.3069555E-4 
ways 8.9058524E-4 1.5593326E-4 2.1521575E-4 2.878388E-4 3.6039748E-4 
1994 1.2722646E-4 1.5593326E-4 1.0760788E-4 2.3986568E-4 1.8019874E-4 
modern 6.361323E-4 7.796663E-4 7.5325515E-4 1.439194E-4 2.0594141E-4 
hepburn 6.361323E-4 4.6779978E-4 1.0760788E-4 4.317582E-4 2.3168408E-4 
tragic 3.816794E-4 1.5593326E-4 2.1521575E-4 1.9189254E-4 2.5742676E-4 
homosexual 1.2722646E-4 0.0017152659 4.304315E-4 1.9189254E-4 2.3168408E-4 
older 2.5445293E-4 3.1186652E-4 8.60863E-4 4.7973136E-4 3.089121E-4 
bhaer 2.5445293E-4 4.6779978E-4 4.304315E-4 2.878388E-4 1.673274E-4 
ledger 5.0890585E-4 3.1186652E-4 8.60863E-4 0.0015351403 0.0011712918 
means 3.816794E-4 1.5593326E-4 3.2282362E-4 2.3986568E-4 1.5445605E-4 
desire 3.816794E-4 6.2373304E-4 3.2282362E-4 2.878388E-4 1.8019874E-4 
touching 2.5445293E-4 1.5593326E-4 3.2282362E-4 4.7973135E-5 3.2178345E-4 
more 0.0026717556 0.0020271323 0.004411923 0.00398177 0.0030247644 
great 0.0021628498 0.0012474661 0.002690197 0.0026385225 0.0032821912 
proulx 1.2722646E-4 1.5593326E-4 1.0760788E-4 4.317582E-4 3.6039748E-4 
beautifully 5.0890585E-4 3.1186652E-4 2.1521575E-4 3.3581196E-4 3.089121E-4 
wrong 5.0890585E-4 4.6779978E-4 6.4564723E-4 3.8378508E-4 2.8316944E-4 
songs 5.0890585E-4 7.796663E-4 5.3803937E-4 4.317582E-4 4.2475417E-4 
choice 1.2722646E-4 1.5593326E-4 1.0760788E-4 4.7973136E-4 1.4158472E-4 
certain 3.816794E-4 6.2373304E-4 3.2282362E-4 3.3581196E-4 1.8019874E-4 
stuff 5.0890585E-4 3.1186652E-4 4.304315E-4 4.7973136E-4 2.3168408E-4 
small 5.0890585E-4 4.6779978E-4 3.2282362E-4 5.277045E-4 2.8316944E-4 
door 1.2722646E-4 1.5593326E-4 3.2282362E-4 4.7973135E-5 1.8019874E-4 
before 3.816794E-4 9.3559956E-4 8.60863E-4 0.001391221 7.079236E-4 
tell 8.9058524E-4 3.1186652E-4 3.2282362E-4 2.878388E-4 3.2178345E-4 
husband 1.2722646E-4 3.1186652E-4 1.0760788E-4 3.3581196E-4 1.8019874E-4 
section 2.5445293E-4 1.5593326E-4 3.2282362E-4 9.594627E-5 2.0594141E-4 
simple 3.816794E-4 1.5593326E-4 2.1521575E-4 2.878388E-4 3.4752613E-4 
used 3.816794E-4 4.6779978E-4 4.304315E-4 4.7973136E-4 2.1881275E-4 
experience 3.816794E-4 1.5593326E-4 2.1521575E-4 2.3986568E-4 4.762395E-4 
him 7.633588E-4 1.5593326E-4 5.3803937E-4 0.0012952746 0.0015316892 
hit 2.5445293E-4 1.5593326E-4 3.2282362E-4 1.439194E-4 1.4158472E-4 
looks 3.816794E-4 3.1186652E-4 4.304315E-4 2.3986568E-4 1.5445605E-4 
his 0.001908397 0.0015593326 0.004304315 0.003550012 0.0048138807 
shows 7.633588E-4 1.5593326E-4 8.60863E-4 4.7973136E-4 6.178242E-4 
major 1.2722646E-4 4.6779978E-4 4.304315E-4 9.594627E-5 1.4158472E-4 
presented 1.2722646E-4 4.6779978E-4 2.1521575E-4 2.3986568E-4 1.2871338E-4 
few 6.361323E-4 6.2373304E-4 0.001721726 4.7973136E-4 0.0010039643 
totally 3.816794E-4 1.5593326E-4 1.0760788E-4 2.3986568E-4 2.0594141E-4 
day 5.0890585E-4 6.2373304E-4 6.4564723E-4 6.2365073E-4 4.5049682E-4 
described 2.5445293E-4 1.5593326E-4 3.2282362E-4 1.9189254E-4 1.8019874E-4 
otherwise 1.2722646E-4 3.1186652E-4 3.2282362E-4 5.277045E-4 1.4158472E-4 
package 3.816794E-4 3.1186652E-4 3.2282362E-4 3.8378508E-4 1.02970705E-4 
kind 5.0890585E-4 3.1186652E-4 6.4564723E-4 6.2365073E-4 3.346548E-4 
minutes 3.816794E-4 0.0015593326 3.2282362E-4 2.878388E-4 1.2871338E-4 
particular 1.2722646E-4 3.1186652E-4 1.0760788E-4 3.3581196E-4 1.1584204E-4 
done 6.361323E-4 1.5593326E-4 7.5325515E-4 5.277045E-4 5.2772486E-4 
both 6.361323E-4 7.796663E-4 9.684709E-4 0.001391221 0.0011970345 
important 6.361323E-4 6.2373304E-4 4.304315E-4 2.878388E-4 4.5049682E-4 
most 0.0013994911 0.002338999 9.684709E-4 0.0018229792 0.001750502 
viewers 3.816794E-4 1.5593326E-4 1.0760788E-4 4.317582E-4 2.3168408E-4 
instructor 1.2722646E-4 1.5593326E-4 5.3803937E-4 4.317582E-4 2.3168408E-4 
outside 2.5445293E-4 1.5593326E-4 1.0760788E-4 1.439194E-4 1.9307007E-4 
absolutely 5.0890585E-4 1.5593326E-4 1.0760788E-4 4.7973135E-5 4.891108E-4 
keep 3.816794E-4 1.5593326E-4 6.4564723E-4 7.1959704E-4 4.376255E-4 
enis 1.2722646E-4 1.5593326E-4 1.0760788E-4 4.7973135E-5 2.0594141E-4 
job 6.361323E-4 6.2373304E-4 8.60863E-4 0.001055409 6.435669E-4 
daughter 5.0890585E-4 1.5593326E-4 2.1521575E-4 4.7973136E-4 5.920816E-4 
dont 3.816794E-4 1.5593326E-4 3.2282362E-4 2.3986568E-4 1.2871338E-4 
who 0.0030534351 0.002338999 0.0022597655 0.0036939315 0.00365546 
joe 1.2722646E-4 3.1186652E-4 4.304315E-4 1.439194E-4 1.2871338E-4 
part 0.0011450382 0.0014033994 0.0013989024 9.114896E-4 9.6535037E-4 
values 2.5445293E-4 7.796663E-4 1.0760788E-4 9.594627E-5 1.673274E-4 
deserves 2.5445293E-4 4.6779978E-4 1.0760788E-4 1.439194E-4 1.8019874E-4 
their 0.0024173027 0.004210198 0.0020445497 0.0036459584 0.004260413 
why 0.0020356234 0.002338999 5.3803937E-4 7.6757016E-4 7.2079495E-4 
point 7.633588E-4 6.2373304E-4 4.304315E-4 6.2365073E-4 5.920816E-4 
alone 1.2722646E-4 3.1186652E-4 1.0760788E-4 3.3581196E-4 4.2475417E-4 
along 1.2722646E-4 4.6779978E-4 3.2282362E-4 3.3581196E-4 4.1188282E-4 
joy 2.5445293E-4 1.5593326E-4 1.0760788E-4 2.3986568E-4 1.5445605E-4 
sad 8.9058524E-4 4.6779978E-4 2.1521575E-4 1.439194E-4 5.920816E-4 
win 3.816794E-4 1.5593326E-4 2.1521575E-4 1.439194E-4 1.4158472E-4 
sheep 2.5445293E-4 3.1186652E-4 4.304315E-4 1.9189254E-4 2.8316944E-4 
rest 1.2722646E-4 4.6779978E-4 3.2282362E-4 1.9189254E-4 3.2178345E-4 
gyllenhaal 2.5445293E-4 3.1186652E-4 3.2282362E-4 8.155433E-4 6.435669E-4 
original 3.816794E-4 9.3559956E-4 7.5325515E-4 5.277045E-4 2.702981E-4 
clear 3.816794E-4 6.2373304E-4 1.0760788E-4 3.3581196E-4 3.089121E-4 
saw 2.5445293E-4 4.6779978E-4 6.4564723E-4 4.7973136E-4 6.3069555E-4 
also 0.0010178117 0.0015593326 0.0011836867 0.0018709523 0.0019178294 
say 0.0012722646 9.3559956E-4 0.0010760787 9.594627E-4 0.0013128765 
enough 7.633588E-4 7.796663E-4 6.4564723E-4 4.7973136E-4 4.891108E-4 
gets 2.5445293E-4 6.2373304E-4 3.2282362E-4 4.317582E-4 2.702981E-4 
recommended 3.816794E-4 1.5593326E-4 2.1521575E-4 1.439194E-4 1.9307007E-4 
someone 0.0013994911 7.796663E-4 7.5325515E-4 3.3581196E-4 3.8614013E-4 
various 1.2722646E-4 4.6779978E-4 3.2282362E-4 1.9189254E-4 1.4158472E-4 
neither 5.0890585E-4 3.1186652E-4 1.0760788E-4 2.3986568E-4 1.4158472E-4 
glad 1.2722646E-4 3.1186652E-4 3.2282362E-4 2.3986568E-4 1.9307007E-4 
attention 1.2722646E-4 4.6779978E-4 1.0760788E-4 3.8378508E-4 1.5445605E-4 
uses 2.5445293E-4 1.5593326E-4 2.1521575E-4 2.3986568E-4 1.5445605E-4 
front 1.2722646E-4 1.5593326E-4 1.0760788E-4 1.439194E-4 1.9307007E-4 
simply 5.0890585E-4 3.1186652E-4 9.684709E-4 2.878388E-4 4.762395E-4 
been 0.0029262085 0.0028067988 0.0015065103 0.0017270328 0.001982186 
mostly 1.2722646E-4 4.6779978E-4 4.304315E-4 1.9189254E-4 1.5445605E-4 
bad 0.001653944 7.796663E-4 5.3803937E-4 2.878388E-4 2.0594141E-4 
bring 1.2722646E-4 1.5593326E-4 1.0760788E-4 1.439194E-4 1.9307007E-4 
del 1.2722646E-4 1.5593326E-4 2.1521575E-4 4.317582E-4 3.9901148E-4 
videos 1.2722646E-4 4.6779978E-4 2.1521575E-4 1.9189254E-4 2.702981E-4 
winona 6.361323E-4 9.3559956E-4 6.4564723E-4 0.0010074358 6.821809E-4 
stunning 1.2722646E-4 3.1186652E-4 1.0760788E-4 9.594627E-5 1.8019874E-4 
viewing 3.816794E-4 1.5593326E-4 3.2282362E-4 2.3986568E-4 1.673274E-4 
honest 1.2722646E-4 1.5593326E-4 4.304315E-4 3.8378508E-4 1.8019874E-4 
you 0.013231552 0.006081397 0.011944475 0.008203406 0.009988158 
!! 2.5445293E-4 3.1186652E-4 1.0760788E-4 1.9189254E-4 3.6039748E-4 
happen 7.633588E-4 1.5593326E-4 1.0760788E-4 1.9189254E-4 1.9307007E-4 
grow 1.2722646E-4 1.5593326E-4 2.1521575E-4 2.3986568E-4 2.1881275E-4 
marmee 5.0890585E-4 9.3559956E-4 0.001721726 7.1959704E-4 3.8614013E-4 
sure 5.0890585E-4 6.2373304E-4 5.3803937E-4 4.317582E-4 4.2475417E-4 
going 7.633588E-4 6.2373304E-4 8.60863E-4 0.0011033821 4.376255E-4 
past 2.5445293E-4 6.2373304E-4 4.304315E-4 2.878388E-4 2.0594141E-4 
personal 2.5445293E-4 3.1186652E-4 2.1521575E-4 2.3986568E-4 1.8019874E-4 
am 0.0017811705 6.2373304E-4 6.4564723E-4 6.2365073E-4 0.0010811924 
an 0.0027989822 0.0034305318 0.004411923 0.0035020388 0.0037069453 
easy 2.5445293E-4 1.5593326E-4 3.2282362E-4 4.7973136E-4 3.9901148E-4 
whose 1.2722646E-4 1.5593326E-4 1.0760788E-4 2.3986568E-4 1.9307007E-4 
as 0.0067430027 0.0074847965 0.009792317 0.010458143 0.008482212 
at 0.0034351144 0.0056135976 0.0031206284 0.003166227 0.003809916 
trying 2.5445293E-4 6.2373304E-4 1.0760788E-4 4.317582E-4 2.8316944E-4 
looking 7.633588E-4 4.6779978E-4 0.0010760787 5.756776E-4 3.9901148E-4 
deal 1.2722646E-4 1.5593326E-4 3.2282362E-4 2.878388E-4 2.960408E-4 
strong 2.5445293E-4 4.6779978E-4 3.2282362E-4 3.3581196E-4 2.702981E-4 
be 0.0053435112 0.005457664 0.003658668 0.005804749 0.0058049737 
comes 2.5445293E-4 6.2373304E-4 5.3803937E-4 6.716239E-4 7.079236E-4 
melissa 6.361323E-4 6.2373304E-4 6.4564723E-4 9.114896E-4 5.148535E-4 
eyes 2.5445293E-4 1.5593326E-4 3.2282362E-4 1.9189254E-4 3.2178345E-4 
samantha 1.2722646E-4 1.5593326E-4 3.2282362E-4 2.3986568E-4 1.4158472E-4 
how 0.003307888 0.0021830657 0.004304315 0.0019668986 0.002780209 
see 0.0015267176 0.0015593326 0.0012912945 0.001775006 0.0022009988 
by 0.0031806615 0.0024949322 0.0030130206 0.0036939315 0.0034495187 
ca 0.0011450382 0.0010915329 4.304315E-4 7.6757016E-4 6.9505227E-4 
cd 3.816794E-4 1.5593326E-4 6.4564723E-4 9.114896E-4 4.2475417E-4 
mind 7.633588E-4 4.6779978E-4 5.3803937E-4 3.3581196E-4 3.732688E-4 
outstanding 2.5445293E-4 1.5593326E-4 2.1521575E-4 1.9189254E-4 1.673274E-4 
set 2.5445293E-4 4.6779978E-4 4.304315E-4 6.716239E-4 3.732688E-4 
emotional 1.2722646E-4 3.1186652E-4 2.1521575E-4 3.8378508E-4 5.5346754E-4 
sex 1.2722646E-4 4.6779978E-4 1.0760788E-4 4.317582E-4 3.9901148E-4 
words 3.816794E-4 3.1186652E-4 2.1521575E-4 2.878388E-4 2.960408E-4 
possible 3.816794E-4 1.5593326E-4 1.0760788E-4 1.9189254E-4 1.5445605E-4 
right 8.9058524E-4 9.3559956E-4 8.60863E-4 0.0012952746 6.049529E-4 
march 2.5445293E-4 7.796663E-4 6.4564723E-4 0.001391221 5.2772486E-4 
byrne 1.2722646E-4 3.1186652E-4 4.304315E-4 2.3986568E-4 3.346548E-4 
actor 1.2722646E-4 1.5593326E-4 3.2282362E-4 2.878388E-4 2.3168408E-4 
tells 2.5445293E-4 1.5593326E-4 1.0760788E-4 2.878388E-4 2.3168408E-4 
awesome 1.2722646E-4 1.5593326E-4 2.1521575E-4 1.9189254E-4 2.1881275E-4 
meet 2.5445293E-4 3.1186652E-4 1.0760788E-4 1.439194E-4 3.346548E-4 
series 1.2722646E-4 1.5593326E-4 3.2282362E-4 4.7973135E-5 2.445554E-4 
somewhat 1.2722646E-4 3.1186652E-4 4.304315E-4 2.3986568E-4 1.1584204E-4 
paul 1.2722646E-4 4.6779978E-4 3.2282362E-4 1.439194E-4 5.0198217E-4 
did 0.0027989822 0.0020271323 0.0029054126 0.0022547373 0.0019564433 
masterpiece 1.2722646E-4 4.6779978E-4 1.0760788E-4 1.439194E-4 2.1881275E-4 
hollywood 6.361323E-4 9.3559956E-4 2.1521575E-4 1.9189254E-4 2.1881275E-4 
beauty 2.5445293E-4 1.5593326E-4 1.0760788E-4 1.439194E-4 3.346548E-4 
sometimes 2.5445293E-4 3.1186652E-4 2.1521575E-4 4.7973136E-4 1.673274E-4 
do 0.005216285 0.0037423982 0.0038738835 0.0030702807 0.0026514956 
girls 2.5445293E-4 7.796663E-4 8.60863E-4 3.8378508E-4 5.405962E-4 
down 6.361323E-4 4.6779978E-4 7.5325515E-4 5.756776E-4 0.0010811924 
hold 1.2722646E-4 1.5593326E-4 4.304315E-4 2.878388E-4 1.1584204E-4 
tale 6.361323E-4 1.5593326E-4 3.2282362E-4 1.9189254E-4 2.3168408E-4 
brings 1.2722646E-4 1.5593326E-4 4.304315E-4 9.594627E-5 2.5742676E-4 
later 6.361323E-4 4.6779978E-4 5.3803937E-4 2.878388E-4 3.2178345E-4 
beginner 1.2722646E-4 1.5593326E-4 1.0760788E-4 2.878388E-4 2.960408E-4 
won 3.816794E-4 1.5593326E-4 1.0760788E-4 1.9189254E-4 3.4752613E-4 
talk 2.5445293E-4 3.1186652E-4 1.0760788E-4 3.3581196E-4 3.089121E-4 
guitarist 2.5445293E-4 1.5593326E-4 2.1521575E-4 4.7973135E-5 2.3168408E-4 
needs 2.5445293E-4 4.6779978E-4 1.0760788E-4 2.878388E-4 2.702981E-4 
which 0.0011450382 0.002962732 0.0023673733 0.0020628448 0.00182773 
dunst 3.816794E-4 1.5593326E-4 6.4564723E-4 5.277045E-4 3.9901148E-4 
finally 5.0890585E-4 1.5593326E-4 4.304315E-4 1.9189254E-4 3.4752613E-4 
never 0.001653944 0.0015593326 0.0011836867 7.6757016E-4 0.0016990167 
she 0.0022900763 0.0049898643 0.0049499623 0.0040297434 0.0026000103 
take 5.0890585E-4 3.1186652E-4 6.4564723E-4 5.756776E-4 7.079236E-4 
piece 2.5445293E-4 3.1186652E-4 2.1521575E-4 1.9189254E-4 2.0594141E-4 
susan 3.816794E-4 4.6779978E-4 7.5325515E-4 6.2365073E-4 5.405962E-4 
final 1.2722646E-4 1.5593326E-4 1.0760788E-4 1.439194E-4 1.8019874E-4 
parts 3.816794E-4 9.3559956E-4 2.1521575E-4 3.3581196E-4 2.3168408E-4 
western 3.816794E-4 1.5593326E-4 1.0760788E-4 1.9189254E-4 1.8019874E-4 
little 7.633588E-4 0.0032745984 0.0027978048 0.0029263613 0.0022267415 
however 2.5445293E-4 0.0014033994 7.5325515E-4 7.6757016E-4 4.376255E-4 
some 0.0020356234 0.002338999 0.0038738835 0.0030702807 0.0024069403 
deep 2.5445293E-4 1.5593326E-4 1.0760788E-4 1.439194E-4 2.8316944E-4 
tears 1.2722646E-4 1.5593326E-4 2.1521575E-4 1.439194E-4 2.8316944E-4 
beginning 2.5445293E-4 1.5593326E-4 3.2282362E-4 2.878388E-4 2.1881275E-4 
rather 5.0890585E-4 0.0010915329 7.5325515E-4 5.277045E-4 2.8316944E-4 
vocal 8.9058524E-4 6.2373304E-4 0.0020445497 8.155433E-4 5.405962E-4 
for 0.010305343 0.008108529 0.0109760035 0.011225713 0.012034701 
back 0.0011450382 3.1186652E-4 5.3803937E-4 5.756776E-4 8.108943E-4 
training 2.5445293E-4 3.1186652E-4 1.0760788E-4 2.3986568E-4 1.4158472E-4 
title 3.816794E-4 3.1186652E-4 5.3803937E-4 9.594627E-5 1.1584204E-4 
watching 0.0011450382 0.0012474661 0.0012912945 0.0011513552 7.851516E-4 
miss 1.2722646E-4 1.5593326E-4 2.1521575E-4 1.439194E-4 1.9307007E-4 
getting 2.5445293E-4 4.6779978E-4 4.304315E-4 6.2365073E-4 3.2178345E-4 
perhaps 2.5445293E-4 6.2373304E-4 2.1521575E-4 2.878388E-4 2.1881275E-4 
plot 2.5445293E-4 4.6779978E-4 4.304315E-4 2.878388E-4 2.0594141E-4 
human 2.5445293E-4 4.6779978E-4 3.2282362E-4 3.3581196E-4 2.8316944E-4 
just 0.005470738 0.0034305318 0.0040890994 0.003166227 0.003011893 
covers 1.2722646E-4 1.5593326E-4 1.0760788E-4 2.3986568E-4 1.673274E-4 
over 0.0011450382 6.2373304E-4 0.0011836867 0.001055409 0.0015960459 
brilliant 1.2722646E-4 7.796663E-4 1.0760788E-4 1.439194E-4 3.089121E-4 
directed 3.816794E-4 4.6779978E-4 3.2282362E-4 1.439194E-4 2.1881275E-4 
living 1.2722646E-4 1.5593326E-4 2.1521575E-4 2.878388E-4 2.3168408E-4 
breathing 5.0890585E-4 3.1186652E-4 4.304315E-4 1.9189254E-4 1.02970705E-4 
go 8.9058524E-4 6.2373304E-4 3.2282362E-4 7.6757016E-4 7.594089E-4 
solo 1.2722646E-4 6.2373304E-4 3.2282362E-4 2.3986568E-4 1.9307007E-4 
home 7.633588E-4 7.796663E-4 6.4564723E-4 4.7973136E-4 2.445554E-4 
although 3.816794E-4 4.6779978E-4 6.4564723E-4 7.1959704E-4 6.178242E-4 
form 2.5445293E-4 4.6779978E-4 2.1521575E-4 9.594627E-5 1.4158472E-4 
material 2.5445293E-4 6.2373304E-4 2.1521575E-4 2.3986568E-4 3.732688E-4 
he 0.0022900763 0.002338999 0.004411923 0.004989206 0.00548319 
showing 3.816794E-4 1.5593326E-4 5.3803937E-4 2.878388E-4 1.9307007E-4 
big 3.816794E-4 4.6779978E-4 0.0010760787 6.716239E-4 4.762395E-4 
very 0.0025445293 0.0032745984 0.0031206284 0.0031182538 0.0030247644 
practice 3.816794E-4 3.1186652E-4 4.304315E-4 3.8378508E-4 2.702981E-4 
advanced 1.2722646E-4 3.1186652E-4 2.1521575E-4 1.9189254E-4 1.9307007E-4 
bit 5.0890585E-4 4.6779978E-4 7.5325515E-4 0.0011513552 4.5049682E-4 
hope 5.0890585E-4 3.1186652E-4 2.1521575E-4 1.439194E-4 3.089121E-4 
ennis 8.9058524E-4 7.796663E-4 0.0013989024 0.002782442 0.004002986 
memorable 2.5445293E-4 1.5593326E-4 1.0760788E-4 1.9189254E-4 1.5445605E-4 
soon 2.5445293E-4 1.5593326E-4 2.1521575E-4 3.8378508E-4 1.5445605E-4 
america 2.5445293E-4 4.6779978E-4 3.2282362E-4 4.7973135E-5 1.4158472E-4 
thanks 3.816794E-4 1.5593326E-4 3.2282362E-4 1.9189254E-4 2.0594141E-4 
relationships 6.361323E-4 3.1186652E-4 2.1521575E-4 9.594627E-5 1.4158472E-4 
-rsb- 1.2722646E-4 1.5593326E-4 1.0760788E-4 2.3986568E-4 1.9307007E-4 
else 1.2722646E-4 9.3559956E-4 4.304315E-4 2.878388E-4 2.960408E-4 
four 1.2722646E-4 7.796663E-4 2.1521575E-4 5.756776E-4 4.5049682E-4 
action 1.2722646E-4 3.1186652E-4 3.2282362E-4 2.3986568E-4 1.1584204E-4 
easily 1.2722646E-4 1.5593326E-4 4.304315E-4 2.3986568E-4 2.445554E-4 
believable 2.5445293E-4 3.1186652E-4 4.304315E-4 9.594627E-5 1.5445605E-4 
usually 1.2722646E-4 3.1186652E-4 2.1521575E-4 2.3986568E-4 1.2871338E-4 
'd 6.361323E-4 3.1186652E-4 5.3803937E-4 7.1959704E-4 3.9901148E-4 
if 0.0055979644 0.0037423982 0.0040890994 0.003166227 0.0030247644 
fear 5.0890585E-4 1.5593326E-4 2.1521575E-4 3.8378508E-4 2.5742676E-4 
song 1.2722646E-4 4.6779978E-4 2.1521575E-4 1.439194E-4 2.445554E-4 
likely 1.2722646E-4 4.6779978E-4 2.1521575E-4 4.317582E-4 1.1584204E-4 
soundtrack 1.2722646E-4 1.5593326E-4 2.1521575E-4 1.439194E-4 2.5742676E-4 
clapton 5.0890585E-4 0.0012474661 1.0760788E-4 4.7973135E-5 1.9307007E-4 
in 0.016666668 0.014501793 0.013881416 0.015255457 0.015921846 
'm 0.0010178117 0.0010915329 0.0012912945 7.1959704E-4 0.0011069351 
director 5.0890585E-4 0.0010915329 4.304315E-4 6.716239E-4 3.8614013E-4 
made 0.0017811705 0.0012474661 0.0011836867 0.001391221 0.0010940637 
metal 7.633588E-4 3.1186652E-4 6.4564723E-4 2.878388E-4 2.5742676E-4 
is 0.020229008 0.020739123 0.02076832 0.021923723 0.024108017 
sense 2.5445293E-4 3.1186652E-4 3.2282362E-4 4.317582E-4 3.4752613E-4 
being 0.0011450382 0.0010915329 0.0011836867 9.114896E-4 0.0010811924 
filmed 2.5445293E-4 1.5593326E-4 2.1521575E-4 1.9189254E-4 1.673274E-4 
it 0.022519084 0.016996725 0.020337889 0.022211561 0.021031767 
's 0.008015268 0.009511929 0.013450985 0.011273687 0.009975287 
alcott 5.0890585E-4 0.0012474661 0.001829334 0.0011033821 7.079236E-4 
acted 2.5445293E-4 3.1186652E-4 1.0760788E-4 1.439194E-4 2.702981E-4 
gave 6.361323E-4 4.6779978E-4 3.2282362E-4 2.878388E-4 1.5445605E-4 
john 3.816794E-4 4.6779978E-4 5.3803937E-4 3.3581196E-4 7.594089E-4 
acting 7.633588E-4 0.0010915329 3.2282362E-4 5.277045E-4 9.2673633E-4 
become 3.816794E-4 3.1186652E-4 3.2282362E-4 3.3581196E-4 4.762395E-4 
viewer 1.2722646E-4 6.2373304E-4 2.1521575E-4 9.594627E-5 2.3168408E-4 
brought 5.0890585E-4 1.5593326E-4 2.1521575E-4 1.439194E-4 2.445554E-4 
works 2.5445293E-4 3.1186652E-4 3.2282362E-4 3.8378508E-4 2.5742676E-4 
jo 0.0017811705 0.0031186652 0.0027978048 0.0023027104 0.0015059465 
thinking 6.361323E-4 6.2373304E-4 1.0760788E-4 2.878388E-4 2.445554E-4 
summer 1.2722646E-4 1.5593326E-4 2.1521575E-4 1.439194E-4 3.2178345E-4 
mention 3.816794E-4 3.1186652E-4 2.1521575E-4 2.3986568E-4 1.2871338E-4 
world 5.0890585E-4 4.6779978E-4 5.3803937E-4 4.317582E-4 8.108943E-4 
strings 3.816794E-4 3.1186652E-4 1.0760788E-4 4.317582E-4 9.009937E-5 
man 5.0890585E-4 3.1186652E-4 6.4564723E-4 0.0010074358 8.4950833E-4 
everything 1.2722646E-4 3.1186652E-4 3.2282362E-4 3.3581196E-4 4.5049682E-4 
stand 3.816794E-4 3.1186652E-4 2.1521575E-4 1.9189254E-4 2.445554E-4 
together 0.0013994911 6.2373304E-4 5.3803937E-4 4.317582E-4 9.6535037E-4 
knows 5.0890585E-4 3.1186652E-4 4.304315E-4 1.9189254E-4 1.9307007E-4 
mar 1.2722646E-4 1.5593326E-4 2.1521575E-4 3.3581196E-4 3.089121E-4 
side 1.2722646E-4 3.1186652E-4 2.1521575E-4 1.9189254E-4 1.9307007E-4 
may 8.9058524E-4 9.3559956E-4 7.5325515E-4 0.001055409 0.0011069351 
seemed 5.0890585E-4 4.6779978E-4 5.3803937E-4 3.8378508E-4 2.1881275E-4 
within 2.5445293E-4 1.5593326E-4 3.2282362E-4 1.9189254E-4 3.089121E-4 
could 0.001908397 0.0021830657 0.001829334 0.0016790597 0.0016604026 
forward 1.2722646E-4 4.6779978E-4 2.1521575E-4 1.9189254E-4 1.2871338E-4 
change 1.2722646E-4 1.5593326E-4 2.1521575E-4 5.277045E-4 3.2178345E-4 
knew 5.0890585E-4 3.1186652E-4 1.0760788E-4 1.9189254E-4 2.960408E-4 
off 6.361323E-4 7.796663E-4 7.5325515E-4 9.594627E-4 7.465376E-4 
century 2.5445293E-4 3.1186652E-4 1.0760788E-4 2.3986568E-4 1.673274E-4 
instruction 3.816794E-4 3.1186652E-4 2.1521575E-4 4.317582E-4 3.089121E-4 
able 3.816794E-4 4.6779978E-4 5.3803937E-4 7.6757016E-4 6.178242E-4 
louisa 3.816794E-4 7.796663E-4 3.2282362E-4 3.3581196E-4 4.5049682E-4 
complete 2.5445293E-4 3.1186652E-4 3.2282362E-4 1.439194E-4 2.0594141E-4 
married 6.361323E-4 4.6779978E-4 2.1521575E-4 2.878388E-4 2.702981E-4 
fun 1.2722646E-4 1.5593326E-4 3.2282362E-4 3.3581196E-4 3.2178345E-4 
return 5.0890585E-4 1.5593326E-4 1.0760788E-4 1.439194E-4 1.5445605E-4 
subject 1.2722646E-4 1.5593326E-4 1.0760788E-4 3.3581196E-4 1.4158472E-4 
use 5.0890585E-4 4.6779978E-4 7.5325515E-4 0.0010074358 5.148535E-4 
several 8.9058524E-4 1.5593326E-4 2.1521575E-4 2.878388E-4 3.089121E-4 
feel 0.0011450382 0.0012474661 0.0010760787 0.0011033821 0.0012099058 
political 5.0890585E-4 4.6779978E-4 1.0760788E-4 1.439194E-4 1.1584204E-4 
main 2.5445293E-4 3.1186652E-4 5.3803937E-4 4.317582E-4 2.1881275E-4 
sadness 2.5445293E-4 1.5593326E-4 1.0760788E-4 1.439194E-4 1.9307007E-4 
while 7.633588E-4 0.0010915329 0.0012912945 0.0014871672 9.91093E-4 
liked 1.2722646E-4 6.2373304E-4 8.60863E-4 5.277045E-4 2.960408E-4 
second 2.5445293E-4 4.6779978E-4 0.0010760787 6.2365073E-4 3.346548E-4 
heath 6.361323E-4 3.1186652E-4 7.5325515E-4 6.716239E-4 8.881223E-4 
that 0.01692112 0.011850928 0.011298827 0.014343968 0.015304021 
high 5.0890585E-4 6.2373304E-4 1.0760788E-4 2.878388E-4 1.8019874E-4 
son 5.0890585E-4 1.5593326E-4 2.1521575E-4 5.277045E-4 2.1881275E-4 
reviews 3.816794E-4 3.1186652E-4 3.2282362E-4 4.317582E-4 3.2178345E-4 
fine 5.0890585E-4 3.1186652E-4 5.3803937E-4 2.3986568E-4 2.0594141E-4 
find 0.0012722646 4.6779978E-4 0.0011836867 8.635164E-4 8.623797E-4 
than 0.001908397 0.0015593326 0.0024749811 0.002110818 0.0017633733 
me 0.0030534351 0.0012474661 0.0029054126 0.0019668986 0.003089121 
different 7.633588E-4 4.6779978E-4 9.684709E-4 7.6757016E-4 4.6336817E-4 
terrible 0.0013994911 4.6779978E-4 2.1521575E-4 4.7973135E-5 1.673274E-4 
-- 8.9058524E-4 4.6779978E-4 0.0015065103 0.0011033821 0.001068321 
months 3.816794E-4 1.5593326E-4 1.0760788E-4 1.9189254E-4 1.4158472E-4 
level 1.2722646E-4 4.6779978E-4 5.3803937E-4 1.9189254E-4 4.5049682E-4 
difficult 3.816794E-4 1.5593326E-4 5.3803937E-4 3.3581196E-4 2.5742676E-4 
ideas 1.2722646E-4 1.5593326E-4 2.1521575E-4 3.8378508E-4 1.8019874E-4 
feeling 2.5445293E-4 7.796663E-4 3.2282362E-4 2.878388E-4 3.089121E-4 
film 0.0039440203 0.0053017307 0.0019369418 0.0043655555 0.005586161 
my 0.0045801527 0.0021830657 0.002582589 0.0041256896 0.0057534883 
picking 1.2722646E-4 7.796663E-4 2.1521575E-4 9.594627E-5 1.673274E-4 
friends 3.816794E-4 4.6779978E-4 1.0760788E-4 9.594627E-5 3.346548E-4 
heart 1.2722646E-4 4.6779978E-4 2.1521575E-4 4.7973136E-4 7.079236E-4 
becomes 1.2722646E-4 1.5593326E-4 1.0760788E-4 2.3986568E-4 1.5445605E-4 
amazon 5.0890585E-4 1.5593326E-4 1.0760788E-4 2.3986568E-4 1.8019874E-4 
forget 1.2722646E-4 4.6779978E-4 1.0760788E-4 1.9189254E-4 1.673274E-4 
professor 5.0890585E-4 1.5593326E-4 7.5325515E-4 3.3581196E-4 2.1881275E-4 
true 8.9058524E-4 4.6779978E-4 5.3803937E-4 5.756776E-4 9.6535037E-4 
present 1.2722646E-4 4.6779978E-4 4.304315E-4 2.3986568E-4 1.02970705E-4 
mathis 2.5445293E-4 1.5593326E-4 4.304315E-4 2.3986568E-4 1.1584204E-4 
since 0.0010178117 7.796663E-4 7.5325515E-4 6.716239E-4 7.9802296E-4 
no 0.0024173027 0.0017152659 0.0016141181 0.0024466298 0.0018534727 
passionate 1.2722646E-4 1.5593326E-4 2.1521575E-4 9.594627E-5 2.0594141E-4 
student 2.5445293E-4 3.1186652E-4 2.1521575E-4 2.878388E-4 1.1584204E-4 
soul 1.2722646E-4 1.5593326E-4 1.0760788E-4 1.9189254E-4 2.960408E-4 
best 0.0013994911 0.0012474661 8.60863E-4 0.0010074358 0.0020851567 
boy 2.5445293E-4 1.5593326E-4 1.0760788E-4 9.594627E-5 2.0594141E-4 
meg 6.361323E-4 0.0012474661 0.001721726 8.635164E-4 4.1188282E-4 
head 2.5445293E-4 4.6779978E-4 2.1521575E-4 1.9189254E-4 1.2871338E-4 
bale 5.0890585E-4 3.1186652E-4 6.4564723E-4 5.277045E-4 4.762395E-4 
men 0.0024173027 0.0010915329 7.5325515E-4 0.0017270328 0.0018019873 
of 0.022264631 0.023234056 0.023566125 0.02662509 0.027171394 
beth 7.633588E-4 0.0014033994 0.001721726 9.594627E-4 5.405962E-4 
somehow 2.5445293E-4 1.5593326E-4 4.304315E-4 9.594627E-5 1.5445605E-4 
ok 3.816794E-4 4.6779978E-4 5.3803937E-4 2.3986568E-4 5.1485353E-5 
physical 1.2722646E-4 3.1186652E-4 3.2282362E-4 2.878388E-4 1.2871338E-4 
included 1.2722646E-4 1.5593326E-4 4.304315E-4 2.878388E-4 2.5742676E-4 
make 0.0011450382 0.0017152659 0.0010760787 0.0011513552 0.0012485198 
experienced 1.2722646E-4 3.1186652E-4 5.3803937E-4 2.878388E-4 2.702981E-4 
hear 1.2722646E-4 7.796663E-4 2.1521575E-4 1.439194E-4 2.1881275E-4 
heard 2.5445293E-4 4.6779978E-4 1.0760788E-4 2.878388E-4 2.3168408E-4 
highly 1.2722646E-4 3.1186652E-4 1.0760788E-4 3.8378508E-4 5.920816E-4 
on 0.0064885495 0.0051457975 0.0072097275 0.0073398896 0.006216856 
certainly 2.5445293E-4 0.0010915329 2.1521575E-4 4.7973136E-4 3.089121E-4 
pretty 0.0010178117 0.0012474661 8.60863E-4 5.277045E-4 3.8614013E-4 
vocalist 1.2722646E-4 4.6779978E-4 6.4564723E-4 1.439194E-4 1.02970705E-4 
chance 3.816794E-4 1.5593326E-4 2.1521575E-4 2.3986568E-4 2.1881275E-4 
or 0.0041984734 0.0037423982 0.0048423545 0.0037419046 0.0034109047 
plays 3.816794E-4 6.2373304E-4 3.2282362E-4 5.277045E-4 3.346548E-4 
sarandon 3.816794E-4 6.2373304E-4 8.60863E-4 6.2365073E-4 5.5346754E-4 
nature 2.5445293E-4 3.1186652E-4 3.2282362E-4 1.439194E-4 2.445554E-4 
social 7.633588E-4 1.5593326E-4 1.0760788E-4 2.878388E-4 1.1584204E-4 
interesting 3.816794E-4 4.6779978E-4 6.4564723E-4 5.277045E-4 1.9307007E-4 
cross 3.816794E-4 7.796663E-4 6.4564723E-4 4.7973136E-4 3.2178345E-4 
control 5.0890585E-4 4.6779978E-4 9.684709E-4 1.439194E-4 1.1584204E-4 
exactly 1.2722646E-4 3.1186652E-4 2.1521575E-4 4.317582E-4 2.445554E-4 
families 2.5445293E-4 3.1186652E-4 4.304315E-4 4.317582E-4 2.0594141E-4 
master 1.2722646E-4 3.1186652E-4 2.1521575E-4 9.594627E-5 2.5742676E-4 
due 2.5445293E-4 3.1186652E-4 2.1521575E-4 2.878388E-4 2.0594141E-4 
awards 2.5445293E-4 1.5593326E-4 2.1521575E-4 1.9189254E-4 2.0594141E-4 
writer 1.2722646E-4 6.2373304E-4 3.2282362E-4 2.3986568E-4 1.5445605E-4 
coming 2.5445293E-4 3.1186652E-4 1.0760788E-4 2.3986568E-4 1.673274E-4 
about 0.0034351144 0.0043661315 0.0040890994 0.0033101463 0.0038742728 
adaptation 2.5445293E-4 1.5593326E-4 4.304315E-4 3.8378508E-4 1.9307007E-4 
scream 0.0015267176 6.2373304E-4 0.0020445497 3.8378508E-4 2.0594141E-4 
crash 1.2722646E-4 1.5593326E-4 1.0760788E-4 2.3986568E-4 2.8316944E-4 
scene 2.5445293E-4 7.796663E-4 9.684709E-4 7.1959704E-4 7.594089E-4 
cover 2.5445293E-4 3.1186652E-4 3.2282362E-4 3.8378508E-4 1.1584204E-4 
character 8.9058524E-4 0.0010915329 7.5325515E-4 0.0019668986 8.881223E-4 
dvd 0.005725191 0.0038983314 0.006886904 0.0029263613 0.0040416 
extremely 6.361323E-4 3.1186652E-4 2.1521575E-4 9.594627E-5 1.4158472E-4 
exercises 3.816794E-4 6.2373304E-4 0.0015065103 8.155433E-4 3.732688E-4 
above 2.5445293E-4 4.6779978E-4 2.1521575E-4 2.3986568E-4 1.5445605E-4 
friend 1.2722646E-4 3.1186652E-4 3.2282362E-4 2.878388E-4 2.0594141E-4 
fire 2.5445293E-4 3.1186652E-4 2.1521575E-4 1.9189254E-4 1.673274E-4 
band 3.816794E-4 1.5593326E-4 1.0760788E-4 4.317582E-4 2.1881275E-4 
recent 1.2722646E-4 1.5593326E-4 4.304315E-4 2.878388E-4 1.2871338E-4 
released 1.2722646E-4 3.1186652E-4 2.1521575E-4 2.3986568E-4 1.4158472E-4 
they 0.005725191 0.003586465 0.0037662757 0.0054689376 0.0044019977 
10 1.2722646E-4 3.1186652E-4 2.1521575E-4 2.3986568E-4 2.0594141E-4 
based 2.5445293E-4 3.1186652E-4 5.3803937E-4 3.8378508E-4 4.1188282E-4 
singing 8.9058524E-4 3.1186652E-4 0.0013989024 8.155433E-4 3.2178345E-4 
old 0.0013994911 4.6779978E-4 5.3803937E-4 9.114896E-4 9.13865E-4 
myself 3.816794E-4 3.1186652E-4 4.304315E-4 3.3581196E-4 4.6336817E-4 
received 2.5445293E-4 1.5593326E-4 1.0760788E-4 3.3581196E-4 2.5742676E-4 
them 0.0022900763 0.0020271323 0.0010760787 0.0016310866 0.0018792154 
wonderful 2.5445293E-4 1.5593326E-4 5.3803937E-4 5.756776E-4 9.2673633E-4 
then 0.0015267176 0.0020271323 0.0016141181 0.001391221 0.0011069351 
something 8.9058524E-4 4.6779978E-4 0.0010760787 9.594627E-4 3.9901148E-4 
quality 8.9058524E-4 7.796663E-4 4.304315E-4 5.756776E-4 2.960408E-4 
actors 2.5445293E-4 7.796663E-4 2.1521575E-4 6.2365073E-4 7.7228027E-4 
concepts 1.2722646E-4 1.5593326E-4 1.0760788E-4 2.3986568E-4 1.8019874E-4 
&#34; 1.2722646E-4 4.6779978E-4 3.2282362E-4 1.439194E-4 3.4752613E-4 
20 7.633588E-4 4.6779978E-4 3.2282362E-4 3.3581196E-4 3.089121E-4 
male 5.0890585E-4 3.1186652E-4 1.0760788E-4 2.3986568E-4 1.5445605E-4 
trini 1.2722646E-4 1.5593326E-4 3.2282362E-4 2.3986568E-4 1.673274E-4 
lessons 3.816794E-4 6.2373304E-4 6.4564723E-4 5.756776E-4 4.6336817E-4 
homosexuality 1.2722646E-4 7.796663E-4 1.0760788E-4 1.439194E-4 2.8316944E-4 
fact 8.9058524E-4 0.0012474661 7.5325515E-4 5.277045E-4 4.6336817E-4 
mic 0.0012722646 6.2373304E-4 2.1521575E-4 9.594627E-5 1.2871338E-4 
believe 0.0010178117 6.2373304E-4 1.0760788E-4 2.3986568E-4 4.762395E-4 
long 5.0890585E-4 0.0012474661 5.3803937E-4 8.635164E-4 7.9802296E-4 
seen 5.0890585E-4 4.6779978E-4 4.304315E-4 9.594627E-4 0.0014673326 
seem 2.5445293E-4 3.1186652E-4 2.1521575E-4 4.7973136E-4 2.3168408E-4 
remember 2.5445293E-4 1.5593326E-4 1.0760788E-4 1.9189254E-4 2.445554E-4 
into 0.0015267176 7.796663E-4 9.684709E-4 0.001055409 0.0011712918 
christian 6.361323E-4 3.1186652E-4 4.304315E-4 5.277045E-4 4.6336817E-4 
relationship 5.0890585E-4 0.0017152659 5.3803937E-4 8.635164E-4 5.148535E-4 
so 0.0047073793 0.0045220647 0.004411923 0.003885824 0.004685167 
apart 2.5445293E-4 3.1186652E-4 4.304315E-4 2.3986568E-4 1.5445605E-4 
surprised 1.2722646E-4 1.5593326E-4 3.2282362E-4 9.594627E-5 1.673274E-4 
star 7.633588E-4 7.796663E-4 2.1521575E-4 1.9189254E-4 2.0594141E-4 
though 0.0010178117 6.2373304E-4 6.4564723E-4 0.0010074358 7.079236E-4 
one 0.003816794 0.0051457975 0.0048423545 0.004317582 0.0050970498 
makes 7.633588E-4 3.1186652E-4 0.0010760787 8.155433E-4 7.7228027E-4 
started 2.5445293E-4 7.796663E-4 6.4564723E-4 1.9189254E-4 1.4158472E-4 
many 0.0017811705 0.002338999 6.4564723E-4 0.0014391941 0.0018406013 
people 0.0017811705 0.0028067988 8.60863E-4 0.0013432478 0.001673274 
reviewers 5.0890585E-4 4.6779978E-4 4.304315E-4 1.439194E-4 1.9307007E-4 
stay 2.5445293E-4 1.5593326E-4 3.2282362E-4 3.3581196E-4 1.9307007E-4 
actually 8.9058524E-4 4.6779978E-4 8.60863E-4 9.594627E-4 5.0198217E-4 
single 3.816794E-4 1.5593326E-4 1.0760788E-4 4.7973135E-5 1.9307007E-4 
face 2.5445293E-4 4.6779978E-4 5.3803937E-4 1.439194E-4 2.8316944E-4 
definitely 1.2722646E-4 3.1186652E-4 1.0760788E-4 3.3581196E-4 3.4752613E-4 
buying 6.361323E-4 3.1186652E-4 3.2282362E-4 1.439194E-4 1.4158472E-4 
kirsten 3.816794E-4 1.5593326E-4 4.304315E-4 6.2365073E-4 3.6039748E-4 
to 0.026844785 0.024481522 0.027655225 0.027488606 0.028703084 
open 2.5445293E-4 7.796663E-4 3.2282362E-4 1.9189254E-4 3.9901148E-4 
story 0.0024173027 0.0026508654 9.684709E-4 0.0028783882 0.00365546 
but 0.0059796437 0.009200063 0.010760788 0.009978412 0.006126757 
seller 0.0012722646 3.1186652E-4 1.0760788E-4 2.3986568E-4 7.7228025E-5 
tv 3.816794E-4 1.5593326E-4 4.304315E-4 4.7973135E-5 1.4158472E-4 
sexuality 1.2722646E-4 1.5593326E-4 1.0760788E-4 9.594627E-5 1.9307007E-4 
buy 0.001653944 9.3559956E-4 7.5325515E-4 5.756776E-4 6.178242E-4 
available 3.816794E-4 1.5593326E-4 2.1521575E-4 4.7973135E-5 1.8019874E-4 
amazing 1.2722646E-4 6.2373304E-4 3.2282362E-4 2.3986568E-4 7.465376E-4 
leaves 3.816794E-4 4.6779978E-4 1.0760788E-4 4.7973135E-5 1.9307007E-4 
emotionally 1.2722646E-4 1.5593326E-4 4.304315E-4 2.3986568E-4 2.445554E-4 
up 0.0026717556 0.0015593326 0.0021521575 0.002158791 0.0023425836 
written 6.361323E-4 4.6779978E-4 5.3803937E-4 1.9189254E-4 3.346548E-4 
five 1.2722646E-4 3.1186652E-4 1.0760788E-4 2.878388E-4 1.5445605E-4 
passion 2.5445293E-4 3.1186652E-4 4.304315E-4 3.8378508E-4 3.346548E-4 
us 3.816794E-4 6.2373304E-4 6.4564723E-4 5.756776E-4 9.2673633E-4 
films 2.5445293E-4 4.6779978E-4 3.2282362E-4 1.9189254E-4 5.148535E-4 
zen 1.2722646E-4 3.1186652E-4 7.5325515E-4 3.8378508E-4 2.1881275E-4 
emotions 2.5445293E-4 1.5593326E-4 1.0760788E-4 4.7973136E-4 2.5742676E-4 
felt 3.816794E-4 4.6779978E-4 4.304315E-4 0.001055409 5.405962E-4 
this 0.017048346 0.015593326 0.012482514 0.013192612 0.017582247 
collection 2.5445293E-4 1.5593326E-4 3.2282362E-4 9.594627E-5 2.1881275E-4 
look 3.816794E-4 4.6779978E-4 6.4564723E-4 5.277045E-4 4.1188282E-4 
especially 3.816794E-4 3.1186652E-4 3.2282362E-4 7.1959704E-4 7.2079495E-4 
purchased 2.5445293E-4 3.1186652E-4 3.2282362E-4 1.9189254E-4 1.5445605E-4 
once 1.2722646E-4 4.6779978E-4 6.4564723E-4 4.7973136E-4 4.1188282E-4 
laurie 6.361323E-4 4.6779978E-4 0.0016141181 7.1959704E-4 4.376255E-4 
know 0.001653944 0.0017152659 8.60863E-4 7.6757016E-4 0.0014287186 
sing 6.361323E-4 3.1186652E-4 6.4564723E-4 3.8378508E-4 2.445554E-4 
changed 1.2722646E-4 1.5593326E-4 4.304315E-4 4.7973135E-5 1.673274E-4 
doing 0.0013994911 4.6779978E-4 5.3803937E-4 2.3986568E-4 3.6039748E-4 
idea 7.633588E-4 3.1186652E-4 5.3803937E-4 3.3581196E-4 2.3168408E-4 
needed 5.0890585E-4 1.5593326E-4 4.304315E-4 3.8378508E-4 1.5445605E-4 
father 3.816794E-4 4.6779978E-4 4.304315E-4 3.8378508E-4 4.762395E-4 
changes 3.816794E-4 3.1186652E-4 3.2282362E-4 1.439194E-4 1.8019874E-4 
learning 1.2722646E-4 1.5593326E-4 4.304315E-4 5.277045E-4 4.5049682E-4 
blues 1.2722646E-4 1.5593326E-4 3.2282362E-4 3.3581196E-4 2.1881275E-4 
life 6.361323E-4 4.6779978E-4 0.0016141181 9.114896E-4 0.0020722854 
speed 2.5445293E-4 3.1186652E-4 3.2282362E-4 2.3986568E-4 2.1881275E-4 
we 0.0022900763 0.0031186652 0.0015065103 0.0015831135 0.0024455541 
admit 2.5445293E-4 1.5593326E-4 1.0760788E-4 2.878388E-4 2.3168408E-4 
themselves 3.816794E-4 3.1186652E-4 5.3803937E-4 4.317582E-4 3.4752613E-4 
missing 2.5445293E-4 6.2373304E-4 4.304315E-4 1.439194E-4 1.2871338E-4 
throughout 1.2722646E-4 6.2373304E-4 1.0760788E-4 1.439194E-4 2.445554E-4 
wo 0.0010178117 1.5593326E-4 3.2282362E-4 3.8378508E-4 3.4752613E-4 
wants 5.0890585E-4 4.6779978E-4 4.304315E-4 3.8378508E-4 2.8316944E-4 
wonder 5.0890585E-4 3.1186652E-4 2.1521575E-4 1.439194E-4 1.5445605E-4 
every 0.0011450382 4.6779978E-4 5.3803937E-4 7.6757016E-4 0.0011584205 
performances 1.2722646E-4 1.5593326E-4 6.4564723E-4 6.2365073E-4 4.891108E-4 
gay 0.0043256995 6.2373304E-4 0.0012912945 0.0014871672 0.0015188179 
recently 1.2722646E-4 1.5593326E-4 3.2282362E-4 1.439194E-4 1.8019874E-4 
again 6.361323E-4 6.2373304E-4 6.4564723E-4 6.2365073E-4 0.001068321 
teach 7.633588E-4 3.1186652E-4 9.684709E-4 1.439194E-4 1.673274E-4 
incredible 3.816794E-4 1.5593326E-4 1.0760788E-4 1.439194E-4 2.960408E-4 
reading 1.2722646E-4 3.1186652E-4 2.1521575E-4 2.3986568E-4 2.445554E-4 
indeed 2.5445293E-4 3.1186652E-4 3.2282362E-4 1.9189254E-4 1.9307007E-4 
guitar 0.0022900763 0.0012474661 5.3803937E-4 0.0017270328 0.0015703032 
bass 1.2722646E-4 1.5593326E-4 3.2282362E-4 1.439194E-4 1.8019874E-4 
money 0.0011450382 0.0014033994 3.2282362E-4 3.3581196E-4 2.0594141E-4 
ones 1.2722646E-4 1.5593326E-4 2.1521575E-4 2.3986568E-4 2.3168408E-4 
whole 3.816794E-4 7.796663E-4 8.60863E-4 5.277045E-4 3.2178345E-4 
during 1.2722646E-4 4.6779978E-4 2.1521575E-4 5.756776E-4 4.376255E-4 
hathaway 2.5445293E-4 1.5593326E-4 2.1521575E-4 2.3986568E-4 2.0594141E-4 
none 3.816794E-4 4.6779978E-4 2.1521575E-4 2.878388E-4 1.4158472E-4 
beyond 1.2722646E-4 4.6779978E-4 2.1521575E-4 1.9189254E-4 2.702981E-4 
movies 5.0890585E-4 4.6779978E-4 5.3803937E-4 8.635164E-4 9.782217E-4 
loss 1.2722646E-4 1.5593326E-4 1.0760788E-4 1.439194E-4 2.0594141E-4 
problem 2.5445293E-4 7.796663E-4 5.3803937E-4 2.878388E-4 1.2871338E-4 
relate 1.2722646E-4 1.5593326E-4 1.0760788E-4 2.3986568E-4 2.1881275E-4 
children 3.816794E-4 1.5593326E-4 4.304315E-4 4.317582E-4 3.9901148E-4 
terms 1.2722646E-4 4.6779978E-4 1.0760788E-4 4.317582E-4 1.2871338E-4 
lost 1.2722646E-4 3.1186652E-4 3.2282362E-4 3.3581196E-4 2.1881275E-4 
price 1.2722646E-4 3.1186652E-4 3.2282362E-4 3.8378508E-4 4.891108E-4 
review 0.0010178117 4.6779978E-4 2.1521575E-4 1.9189254E-4 3.4752613E-4 
deeply 1.2722646E-4 1.5593326E-4 1.0760788E-4 2.878388E-4 2.8316944E-4 
between 0.0015267176 0.0024949322 0.0010760787 8.155433E-4 8.4950833E-4 
still 6.361323E-4 6.2373304E-4 0.0016141181 0.0012473015 0.0013386192 
natural 1.2722646E-4 1.5593326E-4 2.1521575E-4 1.9189254E-4 1.673274E-4 
wife 1.2722646E-4 3.1186652E-4 4.304315E-4 4.317582E-4 4.891108E-4 
work 8.9058524E-4 7.796663E-4 9.684709E-4 0.0012952746 8.4950833E-4 
lose 1.2722646E-4 1.5593326E-4 4.304315E-4 1.9189254E-4 1.2871338E-4 
mr. 8.9058524E-4 9.3559956E-4 5.3803937E-4 9.594627E-5 2.960408E-4 
come 6.361323E-4 6.2373304E-4 3.2282362E-4 4.317582E-4 7.594089E-4 
agree 3.816794E-4 3.1186652E-4 3.2282362E-4 1.439194E-4 1.5445605E-4 
itself 2.5445293E-4 3.1186652E-4 3.2282362E-4 5.277045E-4 1.8019874E-4 
books 2.5445293E-4 3.1186652E-4 7.5325515E-4 4.317582E-4 5.920816E-4 
enjoyable 2.5445293E-4 3.1186652E-4 5.3803937E-4 1.9189254E-4 1.673274E-4 
examples 1.2722646E-4 1.5593326E-4 1.0760788E-4 2.3986568E-4 1.5445605E-4 
knowing 1.2722646E-4 3.1186652E-4 4.304315E-4 4.7973135E-5 1.9307007E-4 
versions 1.2722646E-4 7.796663E-4 2.1521575E-4 2.878388E-4 2.5742676E-4 
anyone 2.5445293E-4 7.796663E-4 3.2282362E-4 6.2365073E-4 9.2673633E-4 
annie 1.2722646E-4 1.5593326E-4 1.0760788E-4 2.878388E-4 4.1188282E-4 
favorite 1.2722646E-4 3.1186652E-4 1.0760788E-4 3.8378508E-4 9.6535037E-4 
word 2.5445293E-4 3.1186652E-4 1.0760788E-4 2.3986568E-4 1.8019874E-4 
sexual 5.0890585E-4 9.3559956E-4 3.2282362E-4 1.439194E-4 2.5742676E-4 
love 0.005470738 0.0026508654 0.0011836867 0.0034060925 0.0063455696 
enjoy 5.0890585E-4 1.5593326E-4 8.60863E-4 6.2365073E-4 4.2475417E-4 
claire 2.5445293E-4 4.6779978E-4 6.4564723E-4 4.7973136E-4 3.2178345E-4 
our 5.0890585E-4 7.796663E-4 6.4564723E-4 6.716239E-4 0.0010554497 
out 0.0022900763 0.0032745984 0.001721726 0.0022547373 0.0025613962 
rock 1.2722646E-4 1.5593326E-4 4.304315E-4 1.439194E-4 3.8614013E-4 
seeing 3.816794E-4 3.1186652E-4 5.3803937E-4 2.3986568E-4 5.920816E-4 
fall 2.5445293E-4 1.5593326E-4 2.1521575E-4 1.439194E-4 3.2178345E-4 
get 0.0020356234 0.0018711991 0.0031206284 0.0022067642 0.0014930752 
writing 1.2722646E-4 1.5593326E-4 2.1521575E-4 1.439194E-4 2.5742676E-4 
course 5.0890585E-4 4.6779978E-4 2.1521575E-4 4.7973136E-4 4.1188282E-4 
copy 2.5445293E-4 3.1186652E-4 2.1521575E-4 1.9189254E-4 1.4158472E-4 
place 5.0890585E-4 7.796663E-4 4.304315E-4 4.7973136E-4 6.435669E-4 
power 1.2722646E-4 3.1186652E-4 7.5325515E-4 1.9189254E-4 1.2871338E-4 
academy 5.0890585E-4 6.2373304E-4 3.2282362E-4 9.594627E-5 2.1881275E-4 
cool 1.2722646E-4 3.1186652E-4 5.3803937E-4 2.3986568E-4 1.9307007E-4 
agenda 1.2722646E-4 6.2373304E-4 1.0760788E-4 3.3581196E-4 1.02970705E-4 
lead 3.816794E-4 4.6779978E-4 2.1521575E-4 1.9189254E-4 1.2871338E-4 
nice 2.5445293E-4 6.2373304E-4 5.3803937E-4 0.0010074358 4.891108E-4 
drummer 1.2722646E-4 3.1186652E-4 3.2282362E-4 3.8378508E-4 4.2475417E-4 
filter 8.9058524E-4 4.6779978E-4 2.1521575E-4 6.716239E-4 2.0594141E-4 
help 2.5445293E-4 9.3559956E-4 7.5325515E-4 4.7973136E-4 4.1188282E-4 
depth 1.2722646E-4 1.5593326E-4 5.3803937E-4 2.3986568E-4 2.3168408E-4 
emotion 1.2722646E-4 1.5593326E-4 3.2282362E-4 2.878388E-4 2.8316944E-4 
self 1.2722646E-4 7.796663E-4 2.1521575E-4 2.3986568E-4 1.9307007E-4 
first 0.0013994911 0.0012474661 0.003443452 0.001775006 0.0018792154 
voice 0.0013994911 6.2373304E-4 0.0016141181 8.635164E-4 4.6336817E-4 
perfect 1.2722646E-4 4.6779978E-4 0.0012912945 9.594627E-4 6.821809E-4 
own 2.5445293E-4 9.3559956E-4 0.0015065103 0.0012473015 0.0013128765 
sound 7.633588E-4 4.6779978E-4 6.4564723E-4 3.3581196E-4 4.5049682E-4 
clearly 2.5445293E-4 4.6779978E-4 2.1521575E-4 1.439194E-4 1.2871338E-4 
growing 1.2722646E-4 1.5593326E-4 1.0760788E-4 3.3581196E-4 2.1881275E-4 
theater 1.2722646E-4 3.1186652E-4 1.0760788E-4 4.7973135E-5 2.0594141E-4 
only 0.0013994911 0.0012474661 0.0016141181 0.0023027104 0.0018920867 
should 0.0011450382 0.0010915329 0.0015065103 8.155433E-4 0.0011841631 
create 2.5445293E-4 1.5593326E-4 2.1521575E-4 4.7973135E-5 1.8019874E-4 
from 0.0029262085 0.0024949322 0.0038738835 0.0033581194 0.0036297173 
like 0.0041984734 0.0040542646 0.0039814916 0.003885824 0.002625753 
goes 2.5445293E-4 3.1186652E-4 4.304315E-4 3.8378508E-4 3.346548E-4 
lovers 0.0013994911 1.5593326E-4 1.0760788E-4 9.594627E-5 2.1881275E-4 
ending 6.361323E-4 3.1186652E-4 2.1521575E-4 4.7973136E-4 3.9901148E-4 
person 5.0890585E-4 7.796663E-4 2.1521575E-4 6.716239E-4 2.8316944E-4 
techniques 2.5445293E-4 3.1186652E-4 6.4564723E-4 7.1959704E-4 3.2178345E-4 
herself 1.2722646E-4 4.6779978E-4 0.0011836867 1.439194E-4 1.2871338E-4 
seems 7.633588E-4 0.0014033994 6.4564723E-4 7.6757016E-4 5.663389E-4 
here 0.0021628498 0.0012474661 0.0016141181 9.594627E-4 8.108943E-4 
note 3.816794E-4 3.1186652E-4 1.0760788E-4 4.7973136E-4 1.2871338E-4 
death 0.0011450382 4.6779978E-4 2.1521575E-4 2.3986568E-4 3.6039748E-4 
regret 2.5445293E-4 1.5593326E-4 1.0760788E-4 4.7973135E-5 1.9307007E-4 
line 3.816794E-4 3.1186652E-4 8.60863E-4 2.3986568E-4 2.702981E-4 
scale 2.5445293E-4 6.2373304E-4 2.1521575E-4 4.7973135E-5 2.1881275E-4 
can 0.0025445293 0.0014033994 0.0031206284 0.002542576 0.0034752614 
-lsb- 1.2722646E-4 1.5593326E-4 1.0760788E-4 2.3986568E-4 1.8019874E-4 
award 3.816794E-4 4.6779978E-4 4.304315E-4 9.594627E-5 1.673274E-4 
moments 1.2722646E-4 1.5593326E-4 2.1521575E-4 2.878388E-4 1.4158472E-4 
marriage 2.5445293E-4 4.6779978E-4 6.4564723E-4 1.439194E-4 3.2178345E-4 
said 8.9058524E-4 7.796663E-4 5.3803937E-4 5.277045E-4 5.7921023E-4 
value 1.2722646E-4 1.5593326E-4 2.1521575E-4 3.3581196E-4 1.5445605E-4 
player 3.816794E-4 3.1186652E-4 3.2282362E-4 3.3581196E-4 3.6039748E-4 
haunting 1.2722646E-4 1.5593326E-4 2.1521575E-4 1.439194E-4 1.673274E-4 
stories 2.5445293E-4 4.6779978E-4 1.0760788E-4 4.317582E-4 1.4158472E-4 
will 0.0017811705 0.0026508654 0.0021521575 0.0023506836 0.0035524892 
'll 0.0013994911 6.2373304E-4 8.60863E-4 9.114896E-4 6.178242E-4 
fishing 3.816794E-4 1.5593326E-4 1.0760788E-4 1.439194E-4 1.673274E-4 
spent 3.816794E-4 4.6779978E-4 3.2282362E-4 2.878388E-4 7.7228025E-5 
sisters 6.361323E-4 0.0010915329 2.1521575E-4 0.0010074358 5.0198217E-4 
follow 6.361323E-4 3.1186652E-4 3.2282362E-4 3.3581196E-4 2.5742676E-4 
instead 0.0013994911 0.0010915329 8.60863E-4 5.756776E-4 1.673274E-4 
played 2.5445293E-4 9.3559956E-4 4.304315E-4 3.8378508E-4 5.405962E-4 
jack 8.9058524E-4 4.6779978E-4 0.0016141181 0.0019189254 0.0035138754 
really 0.0025445293 0.0017152659 0.0019369418 0.002158791 0.001904958 
performance 2.5445293E-4 1.5593326E-4 2.1521575E-4 9.594627E-4 6.821809E-4 
