
-8.711985033618442 -7.670431149134099 -7.593269807864062 -5.748548883066985 1.3792956582917162 
-8.648517217407923 -7.63813944861841 -7.566987011770478 -5.717405586892738 1.3788308805564942 
-8.655714422477903 -7.641754362541884 -7.569933234943018 -5.720915020981535 1.3788804418074183 
-8.727602029003611 -7.679993884728882 -7.600766067177352 -5.757001512477633 1.3794733515438151 
-2.063886112876524 -2.0597869296103406 -2.060247995969111 -2.0650146408074597 
-0.09568009450422783 -0.03827013051814361 -0.04092722368322224 0.07581781490101358 
-0.03799276493306352 0.09453403907884397 0.05070978906578619 0.0520596212329858 
4.342799838117084E-4 0.06597642756324112 -0.06466002414426314 -0.012695029510646563 
0.05449119217352014 0.09151275842906809 -0.01852716028152572 0.023095011683800043 
-0.08235331108565587 -0.028816519870283108 0.0954201987459948 0.06383631853016666 
-0.07912928054527191 0.0708916461958323 0.016245949583486463 -0.06708402291755029 
-0.06538061180201002 0.0013052242264732367 0.0021492691377898304 0.058684439805727406 
0.05632433116367397 0.010657093979471705 0.027318138717034757 0.06863619867019013 
0.09094983120958589 0.07143643304301103 0.04642087663269778 -0.022185686274227456 
0.0987910317111709 -0.025365504590398796 0.021772701692529428 0.08646720291763466 
-0.0308352848072391 -0.05733688074487145 0.0984938266217201 -0.03810281283185921 
-0.06822795784316027 0.009352731383446097 -0.07344222542216086 0.06104678418773793 
-0.02817055475862472 -0.042337242829027844 0.09409210836074608 8.500482967024325E-4 
-0.011506722755422374 0.057369437929955386 -0.08498765947029155 0.034342019296104365 
0.09387837229788384 0.013158470032017533 0.0679991354679538 -0.016585305851947146 
-0.06185806051627556 0.005086598621416499 -0.07575157114270713 -0.03624119327532363 
0.09116298881777804 0.01771505719045989 -0.011831710499743991 -0.09913180895771241 
0.011740640196429508 -0.014685613426181285 0.06715504682343937 0.04922367409111511 
-0.04819311163134241 0.02244022258767793 0.025501458378061836 -0.0194142028302402 
-0.07320810344470748 0.090968750207892 -0.0816422310695296 0.03577072194521255 
0.05931789566142673 0.09186704849026694 0.08420633852077494 0.009553102783196696 
0.0634972110171623 0.09057243807712759 -0.038627261029925024 -0.05042519126011816 
0.07073464740302646 -0.050285995108169425 -0.0160229110730451 -0.03913314494764389 
0.026636254370930285 -0.08894710957214631 -0.0363071630040228 0.017554270058040375 
-0.05230236159862667 -0.060458304164032195 -0.049778364245445954 -0.09828125276035578 
0.0697156142050642 -0.06079847066648232 0.015019961052064087 -0.042119753189153536 
0.004678027115254779 0.08687188557658071 0.057378153342256016 -0.0636060913903381 
0.06352105215736126 0.03871039888548883 -0.0331817171366563 -0.09664163299620575 
-0.038757393858677824 0.04354875003041364 -0.038657101688956044 0.022630999341572006 
-0.06038513186140873 -0.03830880194726685 0.07244193829761855 0.05219902361384038 
-0.00812553165508298 0.09657598376258403 0.031617402125512256 0.04760411065614484 
0.03861894072458344 -0.09310795808624982 0.09804485446245872 -0.07020114026155733 
-0.001672635013449858 -0.0049494179827250795 0.08654492161961505 -0.08275632558697828 
0.029446756278422526 -0.07553415578928246 -0.014807206736930215 0.017574662409603342 
-0.07028792509900755 0.005956240023505213 0.08363974679581643 0.009183978421983749 
0.05325216376936584 -0.049755580261783644 0.05457615455305384 -0.03449406180430896 
-0.05843365321847687 0.07142070690318347 0.012338276541754262 0.07800462857411763 
0.07713187780544792 0.060291706812400064 -0.01740025526134055 -0.013139323079294038 
0.017240528853156634 -0.02134684858745202 -0.02753639359225231 0.04744244500292666 
-0.0619400552905218 0.0364310295915414 -0.07684027914322789 -0.05226631968276481 
0.026360212974101488 -0.055645467799566806 -0.05463453546624084 -0.05316615846748867 
-0.08422078626583014 -0.07902750849970062 -0.07200816746968314 0.049775876712732536 
-0.07765039789552063 -0.01374359824950025 -0.07372960935117581 0.07027682396635346 
-0.07881570994664644 -0.01235941354714229 0.011096134458245727 -0.020780865554873948 
-0.00641456645114713 -0.06296266230995556 0.08917326704232817 0.08207053103725848 
-0.07101401656397438 0.06747659882765455 0.054544640758643514 -0.09548790883351839 
-0.006603295398724479 0.034760797293346524 -0.09393415694894412 0.03922030427482168 
-0.046843857698596496 0.023148066870050443 0.041217739634098194 -0.027788907817406797 
-0.0513499260932951 0.08686967282551458 -0.09999857809485613 -0.06736819726050858 
-0.02805265282954386 -0.02935356428652243 -0.02042479901159122 -0.07202543122655852 
0.05401023045559186 -0.007518860508300418 -0.06086776608397524 -0.0023702480229216977 
-0.004578484939972038 0.08992682741185776 -0.060543642674272105 -0.09352849597368479 
-0.07879109334711785 0.06419576904186908 -0.00775200583875206 0.04932049611808509 
-0.050211768999173324 -0.0401015953286201 -0.09274583244965767 0.04874323383107931 
0.09499096941561322 -0.08706201154809821 -0.015564320054955116 -0.05010702608204307 
0.07495520620534027 0.09069281456920322 0.08287720156147957 0.05418537839733292 
0.04815146978505469 -0.05232420256935291 -0.013657844466922864 -0.09283463362691041 
0.018162557074480112 -0.07217029351538742 -0.05291493446970055 0.021100694592763203 
-0.09132119061800303 0.0495465617795319 -0.08265175516929141 -0.0163950175439741 
0.00916733041547553 -0.032605148098087885 -0.07843600826920345 -0.08290228905155123 
0.08704680586873234 -0.0366117824026974 0.07007541479325502 0.012871876192999634 
0.05104774537600598 -0.02459389185200707 -8.666805896700713E-4 -0.08101920212923408 
-0.0011523167035472487 -0.08148854745596897 -0.09751026641274899 0.07998288486761948 
0.013315860086374837 0.05304770560456987 -0.060501916875864085 -0.08017109140630636 
0.008049113307547456 -0.04255638292142641 -0.020987358666089 0.02790740512201026 
0.006795359106191071 0.06541255021335088 0.08687050770300175 0.09544931995678943 
-0.05686336283985338 -0.017850054589979375 0.06118942390952525 -0.03264032599444587 
-0.08310389308334427 0.06593747589371063 -0.02241770430357437 -0.09179709180038312 
-0.09066124680983834 -0.009163065529419853 0.09242449949466555 0.05043973574152544 
-0.08411857112360376 0.041106241865756066 -0.04536783393133066 0.0863361291372085 
-0.014779476828757285 -0.003062757642590744 -0.06598670011229321 -0.061582842767831526 
0.03598585669140403 -0.012388357997553362 0.006217794992163933 0.012555038341759639 
0.054493352971903525 0.020460149673592554 -0.011746725173702705 -0.03170678042771613 
0.01243294870897757 0.06251980454981793 -0.010929780934972391 -0.02410395822537255 
-0.009631077832817511 -0.001112931764569322 -0.011002341973562285 -0.026111198781508957 
0.07528283900429805 0.039698975961536265 -0.0946496118526921 0.053369473030161235 
0.03975414632905866 -0.03835712964767002 -0.09605560565971866 -0.07971780872826811 
0.03648970527331946 0.01461979561695137 0.07261396150505267 -0.012116601614044514 
0.010737313143636837 0.0834515106919938 -0.06732475131655288 -0.0062164137683631965 
-0.03342118845126055 0.054487272487302146 0.08666023554183871 -0.009771022807208984 
-0.0350271051557723 -0.08471645781448618 -0.09045381484293476 -0.015273383825293058 
-0.05490649163482025 -0.05046634129758818 0.03183632710493198 -0.08281683202532078 
-0.0243201945549959 -0.02205575413522469 0.043675487160709625 -0.008247947959278704 
0.08967247745712573 -0.07968033941443727 0.07557689470794557 -0.05505765171993653 
0.004095160034163062 -0.013420598193875352 0.0153007854541614 0.05165011984485082 
-0.012320313332811542 -0.060683823086084845 -0.09524501637146619 0.07514917489343545 
0.04756801770760419 -0.09843839997868675 -0.032374535568813076 -9.636585028800215E-4 
0.06723130481960882 0.07525317585752753 0.0600593902696315 0.06584792788913205 
-0.05064408361552704 -0.0774415284692909 -0.09198056058505935 0.029106070017057395 
-0.07512150930230543 0.0362340854823236 -0.08151941694041585 0.08605799365490474 
-0.03495389439972994 -0.038603724421998865 -0.012726009336235647 0.07151611344255421 
0.07686999652314741 0.02105592929102318 -0.09141119110678629 -0.057325750598799345 
-0.06206616062637138 -0.04793769488347624 -0.061144302167724866 0.0842725071189174 
0.09971690589161328 -0.035694542186475595 0.04225738272560742 -0.05740534816618617 
0.03334709061534705 -0.057591279351578664 -0.08679400589806019 -0.0033173812004459735 
-0.01827869300726012 -0.06549786098019494 0.061578751464669984 0.029971695669295306 
0.06063094774253311 -0.07547649991672362 -0.030339691872104016 -0.07359789190711918 
-0.09365585287321254 0.09883824962536311 0.0608241645774745 0.005044327153390649 
-0.08475887933737068 0.015141670318657943 0.02821008408131781 -0.02305646135359682 
-0.05496741615237384 0.06405708188278289 0.008416773394194735 -0.00798799944941167 
0.09921453112808007 -0.08717275474431965 -0.07407795871361372 0.0014087184972563227 
-0.05621305437458349 0.02997019059150058 0.09915626070203129 -0.08812816906348198 
0.026381503963039676 0.007033467973516963 -0.037692700515247826 -0.038518501077297575 
-0.0351706277115371 -0.0825732210978877 -0.023392241255379448 0.04318502098605856 
0.04237866124590181 0.07074154795767526 0.0013688410710157306 0.08681722533740266 
-0.009126448325342512 -0.04827996027558219 0.02203233499649289 0.05862862310639594 
-0.054740323762841506 0.06150627133192585 -0.024355544272633686 -0.029040592215240454 
-0.0585549110173462 0.06908010501612105 -0.020001992231234306 0.0253052132118414 
0.08985287634401787 -0.08315394277866238 0.012624082973124201 -0.04900111169427597 
0.09334816500380061 0.06981801298807738 -0.069497775249525 -0.0023651266375967622 
0.010675654653474267 -0.05642459360656804 0.08290071084832915 0.08768626019953418 
0.07372369569665313 -0.053266197086078784 0.09981656313292542 -0.06312706559604783 
-0.02999410170047541 -0.045415244782159414 0.011883071802162262 0.0720595868415363 
-0.08466964762603371 -0.02040895529559965 0.08221522559253189 0.012641859768918212 
-0.0014242975807612357 -0.0584533910982378 -0.03444859426577539 -0.03157290108437137 
-0.031039966098678054 -0.00807630610809354 0.005278207939142798 -0.0907814188482135 
-0.031637334671480485 0.03201302025806288 -0.06860486897461478 0.09944371207464392 
0.07465678784984617 -0.0705637027258079 -0.026299307396311297 0.03068786620484107 
0.04530442064556228 0.06143800174242617 0.08727843297412702 -0.02213858418190902 
0.04715036873647163 -0.06783185325720373 0.05975031975272191 0.010590325899213313 
0.09277313551354202 0.09500500791284011 -0.04439298786452406 -0.014738265362773853 
0.055275510303690434 0.055924207109630863 0.040075969157306435 -0.05238148382516386 
0.015763586922376158 0.014084217473214616 0.05301180336415098 -0.0622356202207057 
0.02188342411942934 -0.04913720854873214 -0.09600642324936054 -0.048370939696247485 
0.08554174982288448 -0.005867572453480505 0.09514367878547836 -0.08745511695705495 
0.06974562335304199 0.05333012495450726 0.0512891795942291 -0.03574971841083929 
-0.09733439263685462 -0.0455498746758573 0.03353230332770113 0.04030568516312205 
0.04821006844302583 0.09592816345654528 -0.04025567477357783 -0.0356930009836213 
-0.06635332989428128 -0.03187865702044533 0.07137274751941347 -0.09592444902502069 
-0.06897170701882123 -0.07659858099878597 0.013887455732090534 0.05691380876341376 
-0.012985471227329404 0.048502150934023686 0.015260486401514492 0.08343110593114209 
-0.05791239128657937 -0.07063518505890659 0.05491431248395798 0.0312891194676215 
-0.07475170573533788 -0.054261349617492544 -0.08888072223411912 -0.09186256737153282 
-0.0148623896996644 0.040424786222125975 0.0234338342496246 0.03912134052382188 
-0.009856956737980621 -0.0849446138878106 -0.07119740473264509 0.05211217775016544 
0.0965024058904311 -0.012746743817912604 -0.06405885921871235 0.05380949896213971 
-0.04599324231330511 0.08315550442233086 -0.001832135435183499 0.026474769502515205 
0.05485272997971011 -0.03783375643947551 0.055078949286576306 0.010360520697479808 
-0.0959208257068917 0.01833495351539438 -0.03998075162441564 -0.0086803045987284 
-0.053867549810761854 0.09336891332022082 0.003330763749103502 0.06353741535478585 
0.08229861004954175 -0.014720011000239563 -0.06849068417867182 -0.02505480338956685 
-0.050424474278136726 0.01901409641212115 -0.0715735518263323 -0.06647543407267001 
-2.884335822594952E-4 -0.02843943665696895 -0.04617193841346959 0.09489705415265084 
0.06541920898952977 -0.050534944685497865 -0.01680892175526298 0.007540870351690224 
-0.05975704881758351 0.047246891142058434 -1.4053940504685225E-4 0.04879625199271559 
0.00755082581263869 -0.07833688090655616 0.03771381977827831 0.03424658499018479 
0.0811677820831242 0.05268332761571154 -0.01635323723512945 -0.030920231666359807 
0.0241760241785752 -0.08859054034967713 0.03056349569685385 -0.034661992167363584 
-0.04048216466896562 0.09619753439020412 -0.002201943425045677 0.0021906921000253987 
-0.045950979255358716 0.041935750920483156 0.09946322631422619 0.07341376529647867 
-0.019984849297694243 0.030474346904826477 0.07832851277910294 -0.07977213649745181 
-0.029632020719205746 0.05274350719544971 -0.05038280559992956 0.09315971266434572 
-0.08073208874521616 0.01367814349264844 0.08094596497290826 -0.05444874800565247 
0.08274377222609361 0.041844215120418166 -0.0628603631677311 -0.091605234903539 
-0.0356608623781515 0.05248480318090967 -0.026363354932608357 0.06340802489792138 
-0.038543855810116434 -0.08413500173828724 0.011278557932259986 -0.06707048788990577 
0.015974667016522462 0.07543030794368974 -0.014080896828837355 0.01449062853518393 
-0.0025997276376863027 -0.04724499959520676 -0.00401349388464145 -0.07097831577343708 
-0.0245505433743564 0.055967686058101374 -0.013248831462613131 0.05178285623780804 
-0.07629322191083905 -0.04408095176988345 0.050626118732284925 -0.027900318326916668 
0.059980905682436275 -0.04195735082949981 0.025368080192794407 -0.02946202008871178 
0.08712235510354036 0.039525203369663336 0.061091866065623085 -0.06887440144356356 
-0.0010904955663804394 -0.07132845287273935 0.09999487522792924 0.08633478121925825 
-0.0168760671192604 -0.006386025482288796 -0.06561084116702398 0.09536529328799864 
0.04843144773074248 -0.06912208332804728 0.00923258428341453 0.056568321384284886 
-0.04921047134682038 0.02373784240125361 -0.06212924513250773 -0.02656741832003902 
0.026779973453619654 0.06848694346107778 0.08391200981679015 -0.01872748510951472 
-0.017828219728794267 0.010562155385954133 -0.09685410867289795 0.030410743810020013 
0.06771228445398966 0.07688516336086754 0.040410038217487704 -0.05121330464592631 
-0.0650520960775858 0.08567121617659981 0.0465324515492605 -0.04711508692574169 
-0.02558718096686874 0.06924668747574717 -0.009972071171859803 0.0325383036743207 
0.0732106620632319 -0.055621588166496566 -0.08667498867508086 0.05722609256528319 
0.038040833776786076 0.06735196252660347 -0.013641710475391755 -0.0776857607546019 
0.0043017065144926175 -0.08360493965178671 -0.019265958795968735 0.028959972684076185 
-0.022172904206976637 -0.005448852415028543 6.343405191788776E-5 0.06515449877078003 
-0.037421229707083156 -0.02934850378380316 -0.06912785659653696 -0.07583656544950863 
0.02868014058506424 0.05334683119729414 -0.06227759296632878 -0.02113147346944115 
-0.07491507020769801 -0.05060576426466623 0.08550448519842913 0.02931714171433661 
-0.0833565610594606 0.09231031899599168 0.031072730752110395 -0.08028178324241649 
0.06850919168745143 0.09503686824347696 -0.03854936918601948 0.09378621287649408 
-0.05567972018954057 0.030547507650894118 -0.0691039969855956 0.07272597835775627 
0.008975440144661034 -0.03462172514161792 0.02065623704246125 -0.02288916147113114 
-0.01725065255116061 0.04976458072521228 0.06491938274353334 -0.02082665184110037 
-0.04842021838442656 -0.07889803213868885 0.04130380469319342 -0.07230267504026405 
-0.08850954615776785 -0.015654128466978376 0.03349777850745725 -0.08490063976131626 
0.03884679554453402 -0.06555685054763566 0.09328427489672361 0.09456567656300621 
0.04631264949377953 -0.007933543749567923 0.09569980506519413 -0.06594072761227106 
0.07815118680137986 0.008187832702618913 0.05841378923152682 0.011914595137054063 
0.07843563331331138 0.028565767019842675 -0.029935673673836788 -0.06274119270471654 
0.07753564844425845 0.03650929799673641 0.0665852159537767 0.0579174443467258 
0.058455969084399345 -0.012924071361326298 0.07016929317500928 0.037756124488465714 
0.08525620628204938 0.08843381687892304 -0.07465037604550724 -0.07700499738085634 
-0.01728808304559075 0.013825137064849446 -1.6947964269398152E-4 0.049169947093838096 
0.04693559519510054 0.08396774018030717 -0.017888019147555473 -0.0944184662687817 
-0.026149831287037878 0.03484222749658389 0.03392079889371649 0.012816676881937814 
0.029661369716567187 -0.026755084232293336 0.08320538950113573 -0.06000800815201941 
-0.062174983534357714 -0.0994806413793356 -0.050710827487375765 0.04311821145938255 
0.05711104191921529 0.05972408206617988 0.06871229084725328 0.03441815206174714 
0.0766801823274981 -0.007684706912139891 0.09001202112593584 -0.06470476770440942 
0.024329544388612373 0.04686414276642106 -0.019713281874610328 -0.08153723339427513 
0.04355672510354344 -0.03340217678060402 -0.05070815266840918 0.060733590885791944 
0.06375752515599409 -0.020662166829231124 0.05378214540323703 -0.041778429463625005 
-0.050118059119282715 0.012150475500300281 -0.07306833983393246 0.04605425005692701 
-0.00772989590293241 0.01834497845259235 0.039712028459298915 -0.03987446205597709 
0.03419434661933193 0.051751281137975974 -0.07022677309665755 0.06702548328328092 
-0.06278230462837123 -0.0122875938635338 -0.05890187135781673 -0.051931638859381506 
0.040244315560631544 0.059040247128537754 -0.02075893899045607 -0.08365026200185416 
7.710920223317208E-4 0.08310202322038174 -0.09314754422467252 0.035399335291178446 
0.04469860129081388 -0.07267741892462493 0.0847514793441459 -0.043517458634288846 
0.03739500647327862 -0.09120110316363042 -0.02562466207812146 -0.07408250653375255 
0.04091545958347059 -0.09217287422690512 -0.05307731574433188 -0.07043330535911646 
-0.021734495873968585 0.03135052857134135 0.05054248124509661 -0.05405812055667325 
0.09691563273866363 -0.07480103133276833 -0.06392235869036958 -0.04601223160637469 
-0.09370999585644942 -0.018965350067023864 0.06683042504673292 0.04086289509669069 
-0.06195188553074696 -0.07527773726603502 0.01841227437660349 0.03179637018458653 
-0.03840819559561035 -0.06687152391983617 0.08125085608834995 -0.04956621995473978 
0.08625921767078748 -0.04086074542222689 0.09647715506619164 -0.032755545112122864 
-0.08648320870684555 0.03174529084884117 0.04441214616183925 0.02169692905552982 
-0.050236162138167756 0.08627445699400058 -0.08251324442006361 -0.048982846402393546 
-0.026833636022693508 0.028227589458286545 0.044909370721229025 0.019240217897120687 
0.08385940943979558 0.028434546227257662 -0.039252860389153724 0.09760374030149468 
0.02004025301720136 0.07049688027724252 0.0239945428428682 0.0699510660172141 
-0.0766885878446078 -0.09969530493744488 0.02562540403862343 -0.012038499914423378 
-0.014406404433492642 -0.045757454826350234 0.052854822447097355 0.03221394635692723 
0.059994397208456535 0.0064965375506760015 -0.0614568132284125 0.022630103301390078 
0.06150728154188198 0.014392478034708181 -0.07228921513068343 -0.06566221415284346 
0.050239912408681225 -0.04115838524248053 -0.0808430768001879 0.041321388681301974 
-0.004502885842508325 0.05708033610608684 -0.08365276144986811 0.08878643566788053 
0.08169244450694066 -0.014087333112218103 0.08300987139323548 0.026436148465632775 
0.09492805146197827 -0.002434553786145252 -0.07926159277167857 0.0905256501287317 
0.009602453578327341 -0.024836396211703665 -0.09554942567779963 -0.05423470862187272 
-0.0011367170114261471 0.04565477120608069 -0.031614600698336756 0.06062661569109423 
0.04071120955800331 0.07670276033381848 0.06657939198903204 0.07276360163915999 
0.0010963898783804132 0.06262935634257613 0.052229584292805636 0.039437166157890446 
0.05565160095324248 -0.06462643847733426 -0.06539533521382537 0.07330977421462112 
0.03694611633707248 0.07612366337771762 -0.023951681259535992 -0.015470392119598358 
0.027672074065324875 -0.06404292038520021 0.008583190125049794 0.09098254790063667 
0.0900208479404277 -0.016397580225653782 -0.02228713093487447 0.032767049883945576 
-0.07081686593372594 0.029502659875754705 0.04753110388117421 0.07690934928793244 
0.06479050856014643 0.08090924103264777 -0.026650650959219688 0.06683064724273627 
-0.01605269173468668 0.044731058336237695 0.06889155944595446 -0.02337357708368437 
-0.08222891403125375 -0.0721679354035628 -0.053824431677853446 0.03617609605344391 
-0.009370195759912645 -0.08204025420987207 -0.021969969848224274 0.039698360432230906 
-0.01631153997728478 -0.006124942670597419 -0.02240278312335106 -0.0494779056135575 
0.03496835344304988 0.04201722669328675 -0.01238332385212608 0.095775403018838 
0.09052687382109667 0.028703050200488855 0.04616884299673296 0.048623894956569824 
0.04820234980323332 0.036213375005617415 0.06539379432553497 -0.06586094931096792 
-0.025609225741546546 0.06541551966915368 0.091516259901127 0.08238438419861233 
-0.06305628590983409 0.075810229189651 0.07298479528853005 -0.07345360839081874 
-0.09475004632884113 -0.08857954145784691 0.022660407239852298 0.010561277118344425 
-0.014179938689457772 0.0439137206354559 0.0032749337784041543 -0.00759969381924748 
0.06965460398178741 -0.09015308507109404 0.038885785415946034 -0.09017546900158627 
-0.04645470703468868 -0.06227388033212229 -0.08219642648269698 0.07114281576408504 
0.056281635733120144 -0.009083447813678244 -7.6059696562102985E-6 0.05421127865133066 
0.08326877516925793 -0.015768051773797837 -0.04000195953475121 -0.057388169967807934 
-0.0872850507624579 0.08237170457500706 -0.06678352283812466 0.035748520454976174 
0.01994232449489855 -0.08966757798353656 -0.0404790825066238 0.02836301502403482 
-0.07669799500156971 -0.05606152469904196 -0.023815004950207455 -0.024074834321290137 
0.06496922416346179 0.03501498121425331 -0.06480917222896165 0.07520884144004222 
0.06252604514269047 0.044020601249807834 0.036989399755849084 -0.03532308219687551 
0.048632406946232914 -0.024709274394201147 0.08969196246301733 0.029161197386032484 
-0.05153069159942694 -0.05336859360784923 -0.010040930884353011 -0.05639203294775435 
0.013934251427235811 -0.09457612386019398 -0.08744510884472377 -0.030597309282018648 
0.027126441855498423 -0.059640193274916965 0.03324107313062047 0.08444569601027227 
0.08483933472396415 -0.09439097341021424 0.06574118932106573 -0.09319974677028618 
-0.09080906511436444 0.0644397272784058 0.004233863350348144 -0.0085344005455779 
-0.05606159330354846 -0.03995575608329998 0.0187920410599816 0.03188311459094473 
0.033239290826847234 0.09338352204651532 -0.0982140730535962 0.04521706867676431 
-0.07118211762532814 -0.0032538769465146056 0.08122688567522918 -0.0016689540037043427 
0.09786022278736692 -0.0170934878386447 -0.0015112468851563587 -1.662479156315788E-4 
0.03561909418386858 0.03702771209640354 -0.09485255322691373 -0.021821838388360965 
-0.02677271246386262 0.08589479486226095 0.06912510793467594 -0.07884186231941158 
0.008225914596170503 -0.020994065787425617 -0.08961435831659992 0.0555781299766504 
-0.06897384945306882 0.07595947658737792 -0.0827392661288245 0.009606192362245247 
-0.08882656324840715 0.06764342933680595 -0.0692740060690055 0.021668092345075537 
0.00977939303185231 0.0038104069133182844 0.08409862602291326 0.07002767494642823 
-0.09420545957504148 -0.002395315176855789 -0.04144532878860568 0.08150712392310239 
-0.0721542684447376 0.022529333440336224 -0.016817786925178546 0.07878824855922822 
0.04751054733131055 0.0016891370948445006 0.04568373870621653 0.026069960865132052 
-0.03578558099221918 -0.005791532785962894 0.06059546665933399 0.0420444688155997 
0.025847321963673592 0.046989426334565404 -0.07785976197832356 -0.09820568939162443 
-0.07869819733763372 0.0028543057016030965 0.050346423130811585 0.05295883516555075 
-0.09083587273848377 -0.003468370151752026 -0.05240843970662661 0.02427978232514308 
0.06604425356640262 -0.004429902676481315 -0.07585579224137083 0.03179323390831873 
0.017789913680203398 -0.09756849027220822 -0.009879280596005069 -0.06838570017618872 
-0.004448316081319861 -0.06741761173674557 -0.05257932870888937 -0.008067653387714618 
0.01996561788145776 -0.06288341071673811 -0.08428661103566798 -0.09022038792453083 
0.0994473653451721 -0.09845055614834396 -0.09903552730698995 0.015557056816839138 
-0.034488273075945 0.00461400131491356 0.0036430823940595686 0.004106985313081249 
-0.021095001303167146 0.025790720334923772 -0.06018964485934086 -0.028330556283958738 
-0.01357650451790407 -0.07989173118210416 -0.08436314915901694 -0.03361293010899501 
0.04656103475243778 -0.06926093693585178 0.09606732410533692 0.07134810259851257 
-0.0012883714095883458 -0.07812259042514123 -0.06890800492683041 0.08968025271438196 
-0.0356882513144859 0.017299277936189766 -0.07369042147492924 -0.03650638188748337 
0.03594954771155795 -0.04261025560105711 -0.08936071678981627 0.017945276434789006 
-0.0019913879155255138 -0.007719471088222837 0.021250567291219075 0.04004107429009418 
0.08547996201222718 -0.06001671044903687 0.013080997384981877 0.054250247796272855 
0.07787456417275945 0.02016390936567647 -0.021943055213584972 0.08192829397325174 
-0.060481689617394974 0.03247468903551104 0.016367595638877172 -0.04837864573664923 
-0.022164191500813807 -0.03919708396966959 -0.045657262526826094 0.05339688431305864 
-0.07496061821963246 0.010700642244453246 -0.014864512045350067 0.07971635502923025 
-0.02921813027830622 0.04599150346435796 -0.07375207362617742 0.08797687206117336 
0.051041208787194814 -0.022047907450742324 -0.008144472988286577 -0.003197952608596788 
0.013037926951931539 0.004054680724823317 0.037807283531509805 -0.07160344528308688 
0.07536754845441834 -0.07178458046487411 0.09540767700503108 0.0014132645087338719 
0.07119150090625592 0.07372795293571849 -0.0900618996380997 0.036426143661748206 
0.014682128472042089 0.03290550405059456 -0.02740254855542172 0.02614530087217881 
0.06711779485582334 0.04272715532561383 0.05782642074607944 0.007188466387823417 
-0.07750525109663897 -0.0036913549916909316 5.838513543402063E-4 0.004977930380437395 
0.09997708815835132 0.016827347313402005 -0.09359576411829629 -0.03623885287098598 
0.06653661678655759 -0.013681184242952588 -0.079657106722268 0.08616693422440985 
-0.04737820742094778 0.06435084950084194 0.0842417674184007 -0.0919153263886827 
0.026590104932503633 -5.560074891255151E-4 0.04521466519832698 0.06901443792188033 
-0.07211753816528621 0.00921866629056442 0.08391307957414884 -0.07246259028365486 
-0.011457901705310844 -0.0841991528231445 -0.01052853852951681 -0.03818811246862015 
0.03935939586312803 -0.038221600778712485 -0.002763175226829298 0.04542488842264453 
-0.03547992259718451 -0.002648914424617871 -0.09198046888616838 0.04013515395591491 
-0.06848805445611791 -0.0927559543033467 -0.059619413275263725 -0.07143560851664908 
0.06018185714262919 0.0905312757470593 0.09125308879394595 0.03277980936326455 
0.08301933270128625 0.021650928067604866 -0.021595891416885005 0.07475956733914144 
0.02938352321360599 -0.07461405366656122 -0.06671360060148276 0.08340186345507472 
-0.008282562360830109 -0.012249553513912631 0.02128695792552611 0.07401163564793245 
-0.002509170525821419 0.023150886127947093 -0.025006133763404534 -0.011054940123521262 
0.013153272992831394 -0.05062263376678791 -0.0981524342774405 0.024686346049163158 
0.04459770336800553 0.0018954030637343272 0.05630858148714288 0.06388585530048702 
-0.029674209823394013 -0.088225466050272 -0.05365413272974726 -0.027442951981246008 
0.06906663481848127 -0.07261069105375006 -0.060987025193930317 -0.06196842881310192 
0.040005880663633 -0.015460947039963632 0.025228719926113585 -0.012193185232146853 
-0.09656994863409651 -0.08099238627228995 0.07887062190445793 -0.015988706022209892 
0.0997829643586246 -0.08123182011185454 -0.0831910427972203 -0.008045486490115161 
-0.0647655469428319 -0.03345624854401273 0.03459161987992071 0.06077321091974883 
-0.03357227385089227 0.03426483255697102 0.051172809271038955 0.06065354071933446 
0.05444076023720085 -0.07528389278916431 -0.04588455723992513 -0.07345853391248228 
0.02517416952787932 -0.08193004706854981 0.023919495104226904 0.054905814514261714 
0.06920975226312245 0.06249262774373163 -0.0675198693384404 0.04711075988086527 
-0.07588451118670217 0.03200454456906274 -0.09379099072428694 -0.053930033060034924 
0.019121619741734278 -0.008179900913252311 0.09969535828357384 0.034512877218523474 
0.04921202484788084 0.05233570723069167 -0.06608807870900027 -0.09912027410991685 
0.08804826589345013 0.07574817374082007 0.08424474351450101 0.08154674204522333 
0.09268162997148305 -0.08473817039000878 0.06742656080278772 0.06140866720294233 
-0.04991319685685256 -0.08677088021936581 -0.02607007659392789 0.09711736517446506 
0.048167599698926256 0.021899254146764455 0.08608689710693312 -4.7113313360032383E-4 
-0.053632316350279347 0.06412253243376345 0.029680858203803895 -0.0634001263832347 
-0.0944364262035604 -0.09177031360393002 -0.04371338927700555 -0.06795370982897564 
0.01649161154369798 -0.036664630099523365 0.021763707459434928 -0.09552209466467698 
-0.049648009471002036 -0.020458147995337433 0.00787409018484271 -0.0343871884862407 
-0.07272887396327113 0.08090211032187039 0.07671486553807647 -0.019629039469047774 
-0.0014598428985955342 -0.006094650845426236 0.014537140080637043 0.09209623287983923 
0.037925544966429414 -0.07839760481291591 0.02563765117916464 0.08445884417847899 
-0.001361056004928557 -0.06809293678157718 -0.07557202070202923 -0.004156305778548891 
-0.09740241588368351 -0.01700477456301859 -0.08833797065865057 0.007552650944625025 
-0.08536894554634844 -0.0348563753295176 -0.02106357980359383 0.06283300494728145 
0.07884633417868933 -0.03278579665075221 0.0809577425293247 0.04109684943040859 
0.05465175989664947 -0.08319457003294971 -0.07981544372745492 -0.07517164882536709 
0.028569859282557453 -0.014661455238161314 -0.014596879287515407 -0.03721445739117661 
-0.05658742455581581 0.05524074971502521 -0.020501931065442153 0.034225007965819204 
0.0626918876584863 0.022574013395400105 0.056665219546606194 0.07693400397995417 
-0.05537935165272467 -0.035088894869562126 0.09593981443651681 -0.01971106302570809 
0.09310593936375153 0.01991793073315326 -0.03501210316225825 0.04108355921190404 
0.043291113256225866 0.06602363755048041 2.286656833627304E-4 0.03610525009901627 
0.06812745729055616 -0.05136270674523409 0.09848273269566565 4.7989889224134274E-4 
0.09554939999434339 -1.3955031163837006E-4 0.05739353439357017 0.0070016850301321265 
-0.06249506229501627 -0.06392023185370506 -0.05963125847749162 -0.0778781455978008 
-0.027966676243412675 -0.06494782800403404 -0.038163324237113196 0.05289235589214031 
0.02945556427133922 -0.023490915061259846 0.08573128045073797 0.09522477707794894 
0.06521311185825371 -0.017479531410739574 0.06973484465306792 0.024401318342705786 
-0.06208590848708382 0.013379126491929488 0.0324132156102625 0.02350071466667858 
-0.06614010523552263 0.01342501493123556 0.012649296895379483 -0.09059294090502826 
0.07903665430480844 0.09743072497828292 -0.03781706083652197 0.0580712708969402 
0.030641532258413262 -0.03679732096105959 -0.08227122538888165 0.08455644754735378 
0.050928682857816515 -0.05096865223984009 -0.038960520632386336 0.042669331439481095 
0.040667642160964745 -0.038187775929768034 -0.05301844252590213 0.035212131218895854 
-0.05836139345176026 0.027226674522628475 -0.07276512314208215 0.002747334051315803 
0.06712537612808953 0.0698558534832491 -0.07810419823343809 -0.09477092610446225 
0.002871910651034343 0.029104092344760024 0.0012638526976697373 0.09801356495574598 
0.08045239274958174 -0.08527920042920334 0.009459908392766586 0.0010365466414342661 
0.018953702945257223 0.011477151770767163 -0.004239734576805307 0.06770855912623372 
-0.07658429512825482 0.03077894399455061 0.07875931327533758 0.06698915944776149 
0.03374723811078359 -0.004092936067073144 -0.019854767695346623 0.07668220759373731 
0.0877630259911934 0.01163207566032362 0.08931028462102489 0.013227488179566843 
0.08709186559544277 -0.05587203466435067 0.01331221094974902 -0.03176684601392492 
-0.021330515347691287 0.00715318160440212 -0.08323139170953114 0.08386301593720061 
-0.005449114778007719 -0.01639296988938352 -0.05094381300837514 -0.04995353122187667 
0.01902475750381734 -0.051467364971646196 0.060378485435770735 -0.04919339415754396 
0.07067928304612656 0.034943798208560445 0.047926956656479336 -0.011141683001612529 
-0.04717302038689624 0.09370033317157964 -0.010612122092581139 -0.016247913058645216 
-0.059422438703622786 0.00991604890581814 -0.09659396075227877 0.027257816498248044 
0.049827691654473594 0.06449337874401179 -0.019341508154542567 0.03458977084567649 
-0.04573807285081173 -0.019843023663033005 -0.029406901798920027 0.025001976889741262 
-0.06551033534511058 0.03503171610303474 -0.03702543838047889 -0.03213347761204839 
0.06354782469450695 0.08377104435530766 0.01588650818435082 -0.016810471263343424 
0.031784270510317625 0.045333990496523285 0.029362173167143568 0.028962333476269003 
-0.05496625350897347 0.06585865849190345 -0.016476337042957617 -0.04844080039640861 
-0.010999945679822945 -0.09923943430621754 -5.46910673650508E-4 0.05767569551515922 
0.06183067468707759 0.01724339212145247 0.09950570260429162 0.01911772201543227 
0.0733173720880784 4.3107614454585E-5 0.030071651468165095 -0.00571521222425489 
-0.08952045385991941 0.06512501440606713 0.058688435820344526 0.02145791348278478 
0.014307642416040794 0.06420800576437993 -0.017577044377803303 -0.016614259455585395 
0.06073048193581182 -0.0855128254581966 0.023121726458018133 0.0928178404604193 
0.041748249289661865 0.04550699759156804 -0.014726631176162436 0.03153644937171368 
0.0803430841912858 -0.02243394750725529 -0.09136594038601518 -0.021396159731262007 
0.023338072956281056 0.03754080755963535 0.09022285850489523 -0.08028813166636495 
-0.03624754820904362 0.051355441318868794 -0.03511765620490863 -0.010677052997389483 
0.02331166476777498 0.0212326953922998 0.030580787081212757 -0.009312317629398992 
0.024400943559066163 0.003930181075855993 0.027439815097308085 -0.0926600711021764 
0.048965296611285514 -0.06956313634721185 0.0806054585219024 0.03272115379873303 
0.040956320017094205 0.05638377558216723 -0.09207746170659042 0.0944104916888763 
0.02323313406475938 -0.05186587701040375 0.006210356954317736 -0.049576062129453646 
-0.004156645495781694 0.04859287007631122 -0.08827267724161272 -0.06550922150750446 
-0.00868053622964679 -0.08011786102207692 0.019060066442288165 -0.03422080583588752 
0.04195317053477071 -0.04283893467540141 0.057867059759524886 0.07995450777823587 
0.039761152989465226 -0.05591740262697083 0.038783346001468544 0.019227679447503657 
0.06463318420451433 0.09920311424439629 -3.735661330787898E-5 -0.049742001971531426 
-0.04295402884750513 -0.05453933209970166 0.05645348920882151 -0.03685810740208735 
-0.0412043600187213 -0.0343225182381202 0.09313042101812186 -0.08639951815892861 
-0.09594499732992233 -0.08619399415003155 -0.07171625289394468 0.05645719971118898 
0.056034814395100635 0.04545665615204192 -0.047140329988047625 -0.07932237439358068 
-0.02373600818715331 0.07750698019237065 0.041541926030307236 -0.09350845594131635 
-0.04204293685128327 0.04206012133367815 -0.053297968912301964 0.06479055482448554 
-0.05791338572215086 0.041853641815742554 -0.0569894931863241 0.06694393266618018 
-0.043425130463875194 0.06791028905676455 0.038513927624484384 -0.07295387925378923 
0.025355590952649526 0.04474817779397822 0.04003982592875435 -0.07727608463000256 
-0.04920959990236502 0.09817699273262567 -0.0379503821368683 0.09498686744860821 
-0.014777262965536303 -0.06527339804243046 0.0396199443905042 0.08376293188897274 
-0.04698298970714623 0.05294689231033711 -0.01703376387378941 -0.013333228508039419 
0.0323493052023936 0.05357064399027209 0.024314163374059977 0.010551225314381157 
-0.021696822741427063 -0.01908961487928844 -0.03403079631273756 -0.007988659459109065 
-0.06708851253017407 -0.018093646309065334 -0.05413784274673059 -0.07878624519065236 
0.029503452132018076 -0.02855394909827172 -0.09978394618703167 -0.01553647398028668 
-0.0034550487211936487 0.08280420211263775 0.09640569396126508 -0.07100660847519423 
0.04877989097974078 -0.09052904024230748 0.057655389290437564 0.036740365070444814 
-0.04609485422186321 -0.06460300518238599 -0.029627035455809733 0.05368199849646582 
0.06383607143332132 -0.0035893710091589454 0.02527453348423353 0.07645485894225118 
-0.0848407804796225 0.09592438351068852 0.011961317706372918 -0.0074120963691322456 
0.08572871442440874 0.03194419144522423 -0.07403908004190039 0.07496325945060195 
-0.09829106234158941 0.04352950023475294 0.03689080524626012 0.05593443319908009 
0.035940324018345404 -0.07125531167654973 -0.06033224837581679 -0.0862247781375427 
0.07715433156562604 0.07683126071325028 0.08379461242706157 0.02615651209365008 
0.01882458666046538 0.013331170672919848 0.07575981306000948 0.008033650013045165 
0.015453252842057758 -0.08284098585547482 0.0795257478972928 -0.07346647649001913 
0.08987547903141616 0.05057379870673606 8.707480818550134E-4 -0.020122720175308362 
0.05804500929747122 0.06587104543263969 -0.03882557002256664 -0.053775410561952654 
-0.018033834898063206 0.07066599689781847 0.06952369141852441 -0.0869867810731339 
0.07914468905476496 0.05501915558599865 -0.018784343133745884 0.008439943544031214 
-0.0246749535374646 0.03194377094698278 -0.034526488497378535 0.03374323057391723 
0.029361713456857896 0.04952460164965883 -0.09542581425783801 0.05669698113961283 
0.07025935835224595 0.030362357940946577 -0.028333705940182655 0.05632762270704322 
-0.07974100440450807 0.00988002644890465 0.0892623121805543 -0.08049549422124375 
0.03532151384289184 -0.020570601456563087 -0.06954989553093338 -0.09162108781735977 
-0.01741910416501702 0.04019468970827994 0.005497316440578132 -0.026848074493578428 
-0.04831453561978649 -0.0012377847306172807 0.020906305471744283 -0.025475382866242874 
0.04289690981982397 -0.06171051880070453 -1.5187150372124314E-4 -0.0895662578528695 
0.004029866048933781 -0.06587000087700218 -0.09227726866627316 -0.07344030846781019 
-0.04028407766974214 -0.02821829560691079 -0.06287279520460659 -0.07687761182917158 
0.029407363535741776 -0.09107019409004752 -0.05015582187412074 -0.038455123406385155 
-0.08876838166410767 -0.055939972266679794 -0.03230806714543198 -0.021053861990925876 
0.031734677808752554 -0.09827617373743608 -0.0057174184389733596 -0.03525757753231187 
-0.01860492963947505 -0.0677546351023623 0.06393271668738121 0.008992031579466889 
0.0071123757130571175 -0.06494554724675247 -0.07885631673621199 -0.0760138867669562 
-0.0742655842193353 -7.035090015187206E-4 -0.03248997155440403 0.08621893933795013 
-0.03625416752611113 0.028698851485277427 0.003449804924703745 -0.07874687221011645 
0.06813580667044769 -0.04389232534958496 0.08699316141038932 0.0656408294272843 
0.02248580753595139 -0.04960393473663467 -0.043845445119822274 0.044161628940900644 
0.06767298823564369 -0.09335758060779405 -0.08929335530131928 -0.05464187149030628 
-0.034241679344735834 0.0265726133638797 -0.017574806572160734 0.026305302866986457 
-0.03834258059089422 -0.09213965188415507 0.05668955268607123 -0.003266861329491874 
-0.017145528460848644 0.045527458789868774 -0.005492487061481158 0.025324524665761766 
-0.0733655810314302 -0.04744392007996592 0.0037256618981323097 0.08150709217388938 
-0.08972824324364524 -0.010140792909047902 0.057106418933387276 0.06909909002363196 
0.07045682371902232 -0.0985024116659935 -0.05445844542032372 -0.06845110964325987 
-0.03776514404379301 0.0206979641827741 -0.05784136065696271 0.08424934695355782 
-0.028666917603109646 -0.006190430985604123 -0.07624672728493097 -6.577314143764862E-4 
-0.08300427011032241 -0.04626320675753157 -0.08278788153734046 0.011196933644439369 
-0.012494745823742506 0.02190299841630068 0.04135257188515365 0.008516279194176371 
-0.0995341997109695 -0.08053692665410842 0.040555124414777405 -0.09656699175182637 
0.0757210625619584 -0.08196248224463756 -0.01703087128462459 -0.06391315374131568 
0.07473723142374941 0.09381427751084373 -0.016922707156572847 0.005566463658224843 
0.0578062515646586 0.04057720955061739 -0.005541852833686217 0.062112331818305 
-0.017199040795875822 0.08029525848319072 0.021039878442572338 0.05849734698706224 
0.07042690138119548 -0.07595544046467295 -0.04569872434558613 0.026806477291385467 
0.06308690463381353 -0.01690881793348653 0.08005388656693219 -0.0528730597019905 
-0.09031170134885042 -0.04879941224500868 0.0327555558019717 -0.03344472101402805 
-0.027718368974343877 0.048711324014519 -0.0036922999732723893 -0.004054132658739926 
0.05380601138450486 0.07871367949119071 -0.06035197822323227 -0.036366306965404646 
-0.06070900541749307 -0.009849972969982884 0.08727066587443799 -0.05666935771509232 
0.006088203877552753 0.08978323702068988 0.04432550238684471 0.0727207219693726 
0.017405773602606006 0.014522040207443257 0.08467110810280518 0.05224758283856179 
-0.03260594361486209 -0.07525976709221807 -0.024212346567900583 -0.008299408237231048 
-0.04098367313008333 -0.0721842148190221 -0.07542307585640269 -0.08774396438583072 
-0.07928589732426553 -0.05033771034814971 -0.08016055982622886 0.06397128906781444 
0.06405443525223822 0.017130026744727675 -0.03691083950741991 0.07729116120493698 
-0.08268763214617665 -0.06295070100651187 -0.00629517928757968 -0.0480578873700843 
-0.04071411821519675 0.04296239993461881 -0.005185301629856892 0.0908848844872818 
-0.0011401641659390671 -0.046635661607357215 -0.05442103377839849 0.0520971939517981 
-0.03666795686200848 -0.003627697926860768 -0.09864202293147895 -0.04642709162351819 
-0.0938177160615219 -0.04436308465307151 0.07382011382450948 0.05456512738764671 
-0.0523171165142968 -0.024158397807804127 0.00813467100741938 -0.03231934632535252 
-0.07622472966155691 0.0013585868763676956 -0.05722347637934551 0.03632314940669987 
0.08592241815785737 0.05722407189846174 -0.05744306768852445 0.08705241558277402 
0.02936310653511745 -0.04129159750476896 0.07261720808268746 -0.053138725259161995 
-0.08600841349386644 0.011254522614295048 -0.019108898016022266 0.04128102888214946 
0.07687984740041304 -0.018015749456839744 0.06011941761554504 -0.0436553347896673 
-0.07124242879584858 0.06375078172933027 -0.03621014563001641 -0.013569965048967209 
-0.015163845332490516 0.08236994074934059 0.03541984061143136 0.02517431626798644 
-0.09123669217269458 -0.0059179132479538765 -0.07627847719032713 0.05106257632731806 
0.05373962067464322 -0.002656636790048836 0.04364204980322875 0.08461475546912184 
0.03124177820604976 0.08101566450672809 -0.023544157823612744 -0.055329355098919765 
-0.05218467747285369 0.041762284729369464 -0.04442145525510364 0.03321568236826336 
-0.08213346277978638 0.08813520988707987 -0.08826277270006055 -0.07446912296184414 
0.07761065016963237 0.03670817701584034 0.03186398688835132 0.023609738792333343 
-0.09403139085828192 0.04322040722039494 0.0067295751663756925 -0.01008154456322416 
0.06917216294500075 0.06340834295047984 -0.007914969758066562 -0.012445424782060566 
0.002900277755760655 -0.08001850901665129 0.06432086524040492 0.05093488152812156 
-0.06151537213098782 0.011999924220971445 0.05391438323769976 -0.09943922206709468 
0.032814029688653684 -0.05782320867919255 0.03462646222199822 0.0825179806577839 
0.07102153898897082 0.0996792005585643 0.015639801497230293 -0.02400814212710005 
-0.025579928347251826 -0.03165001947105128 0.0528478412517652 -0.024800546647757285 
0.07795534415366617 0.05915373833747886 0.04451602696402113 0.08514549580189479 
0.06548389672949659 0.0022775793729798155 -0.036026881808547406 6.765598197445294E-4 
0.03332154592573236 0.06366587365345691 -0.08254351296433704 -0.01434021821440161 
-0.08175350131738715 -0.06508863602379858 -0.09828157470669759 -0.06878463510796527 
-0.06114269587436423 0.004692180812555138 -0.06791491091680843 0.09489188400736823 
0.05603956267973095 -0.06354488948618538 0.04579903397623883 0.0793741119146236 
0.09209930197960631 0.09637703808551878 0.0855941345662273 0.035072430837261664 
0.004696217690654911 0.06367582349807685 0.051407887053216 -0.011278561864279377 
-0.09648913076525618 0.09858771381492878 0.004835569131165091 0.09855449919520096 
-0.08437942735123168 0.062186515645967916 -0.01588935446380671 -0.05455377538890869 
0.0029219845163616365 0.058065643677863404 0.030366522973083898 -0.09201552770959749 
-0.023604015423803817 -0.03605358209438117 -0.08818776881164214 0.025458726607075544 
0.055540858989940045 -0.07749772822850315 -0.08533992999118185 -0.020519205667818258 
0.0985287407391909 -0.0025753992961847078 -0.08429567983358502 0.026336816076800718 
-0.03750968165014255 -0.0783797600272139 -0.07661459052152675 -0.08320117892477069 
-0.06758969823857781 0.03571101669354626 0.04998743665080657 0.04597195169753615 
0.017618479168083637 -0.0032501530569128273 -0.06030848036796635 0.07899319573850086 
0.022033263093222552 0.05340397013546869 -0.025380015419107713 -0.09916288856942992 
-0.07326049353358598 -0.061660367721656666 0.004052396952305609 -0.0406036730472634 
-0.09526620462128899 0.09655109527518446 -0.07154961015391628 0.07037882257085473 
0.041109326600474144 0.029835866528933774 0.0938331255895822 -0.09592961797962607 
0.01570175997476282 0.09459210107873994 0.027032609106159622 -0.09280217389325462 
-0.08440956212584767 -0.05495778637609734 0.0028218951556230054 0.07564380326209502 
0.057769612202802495 0.06559119950540504 -0.061469908841141764 0.06562302590967625 
-0.046507179116421375 -0.018815057403862426 -0.05482317567890371 0.05411902290446122 
0.03175752929232495 -0.05437453066182001 -0.00617608126351514 0.027321892966829825 
0.052501808204127504 -0.013655686992136457 -0.06768442914153985 -0.041530891738232927 
-0.0677645129609703 -0.027292046020469127 -0.042172081625826224 -0.0018278547562084607 
-0.09444854259825185 -0.05932363971383841 -0.01488692607241611 -0.0016149430812364002 
-0.058091470421191185 -0.009108874512098034 -0.03422791180619662 -0.07468473681768606 
-0.048768382357522594 -0.06292552539701288 0.005376365718101989 0.029275171857726434 
0.0020094561566933733 -0.06983703923731266 0.0016661152841344756 0.04981693955216954 
-0.09728907655922528 0.06786451472155502 0.07606790686507062 -0.08143859694204743 
-0.003711010428560549 0.034484442440109564 0.06024249942788215 -0.06550627638578238 
-0.06727574847104541 0.02717363640500356 0.0534080158331631 -0.05140262555530628 
-0.08425248975039955 0.02901925882465456 -0.06452602891930455 -0.04282616245114728 
0.05354504344440175 0.07926929361331836 0.09818576965517531 0.020406732548352347 
-0.0734001772194028 -0.03340592815045272 0.06845788426408725 -0.04098607286032956 
0.031797263777546436 0.09506378629639642 0.03885391677324118 2.917615033329879E-4 
-0.04532427723153385 0.004146186549665767 0.06838149116447975 -0.08931227736981094 
-0.07665775621579529 0.023879244001439287 0.013909573452535656 -0.08630204594123717 
0.038229316088021326 -0.08306460383518087 -0.0011283985621539372 0.08461715362155658 
0.036309771155959236 0.025350622450572707 0.0824267969161839 0.061174135673576296 
0.0537798185627347 -0.05068704568659091 -0.04213942222469416 0.08037747832762229 
-0.058236941259473346 -0.054981843479749194 -0.025707774928231203 0.06159655472296921 
0.05508094193925084 -0.03332580665203451 0.034862979873232114 -0.022455348640572664 
0.09075205124440142 -0.03714148215816278 0.05870866959820528 0.04791309967899918 
0.005685337419194705 -0.042183536230385225 -0.07892578213814393 0.02326202235199286 
0.08100112878768825 0.09098347886871036 0.0020066403111978215 -0.09148289987758898 
0.05603037865383095 -0.06264756900820817 -0.006080960157575782 0.09150372209620958 
0.09170399839774404 -0.06262117457538327 0.05299822458115666 0.019112791264192075 
-0.0051580497131466785 -0.08571574614677668 -0.029335721914056714 -0.028650118412199735 
-0.0055072862350384055 0.0073728897357801665 0.003404089594780932 -0.09015629131979526 
-0.026620827950034842 0.07864848704226082 -0.09933771015175681 0.09963397718339562 
0.00436760340653411 0.08214552654189142 0.017790665523117616 -0.0970960785295068 
-0.005804234034356398 -0.030261280148635897 -0.028970953595453236 0.09927066725264544 
0.08610284818524125 -0.07922697108808152 -0.014396411240347476 -0.09265164306774083 
0.01136780283771091 0.036374357557563186 -0.03247059937898204 0.02174356627969458 
-0.06261323901677684 0.08393489579691527 0.019032823689199632 -0.08100546214517437 
-0.0026462251974811862 0.09470415579395472 -0.054288219036467966 -0.07292782363585551 
-0.03415120784066317 -0.09350768676986021 -0.015522253569515823 -0.07907748200440018 
-0.013243782785122366 0.09793281122601605 -0.08539887344802664 0.026655454358299552 
-0.0725748187304421 0.06381873463329002 -0.07969580603980027 -0.030985231901780194 
-0.04368512824091855 -0.0759166159528924 0.057341927445089313 0.026402058077264146 
0.04060451168360574 0.022277533230034646 -0.054466577864676104 0.060241565741178005 
-0.006324855276580887 -0.01547238382709934 -0.0459710595749939 0.05532417067945303 
-0.094518701428452 -0.04501646692552846 0.017332314504958285 -0.01987749811717246 
0.04816225859591233 0.08272609016048613 0.02864100578994555 -0.03276160994355641 
-0.013137525472068118 0.08546171574064715 0.04206827121443535 0.09923910592052662 
-0.04860305051451979 -0.012259551745291003 -0.08530069011738209 0.03245371381532916 
0.04367669403106095 0.017660731960867926 0.005758780388407644 0.004219989953908307 
-0.09631766938862125 -0.08794366136640215 0.07632540166184235 -0.032471243818596854 
-0.04248789915003448 0.07274860955760673 0.06361705167716683 -0.09822372255972556 
-0.09363003111143045 0.032658280620413815 0.08922173888043627 -0.08733236331359612 
0.014262382272706042 0.011096034867585328 -0.05817007068536933 -0.0012361167956086022 
0.09669537757458962 0.005821954333912152 -0.010691334445795439 -0.010457196443348166 
-0.014273139080068775 0.02984688450921441 -0.03741547506170198 -0.06135117205562173 
0.028805645256446966 0.0905553779865147 0.048022154929512395 -0.05814731664312083 
0.03184525985382464 -0.0713813972602597 -0.06130587904725098 0.045034338545002356 
-0.08504609501066028 0.006973872449501761 -0.0015737766182060547 0.06443845319661631 
-0.033565146926063896 0.09242505033036938 0.00809436335307237 -0.00591742227578565 
0.06930309009370178 0.061204425161802134 0.08426835013022979 -0.09488239628653346 
0.09534461365810759 0.09425369288464333 0.03024526674106995 0.0958613318829474 
0.011784517552129545 -0.08212119139885157 -0.04302429172097975 0.020487365103766808 
0.019480559309798057 -0.05963420739951693 0.06346654991680575 0.02412578347440808 
0.022441007325329762 -0.0017884901542084969 -0.07145034560133301 -0.020120914891233244 
-0.0020534296334900892 0.017955214077317636 -0.0700398323639777 -0.012810578101257589 
-0.02778023080531762 -0.06748608150790698 0.07968642818100621 -0.059399445861987824 
-0.03153172858923728 -0.06594365249238461 0.07736831804253469 -1.4542033737777182E-4 
0.08196218627137725 -0.03965994603726411 -0.09632173038825385 -0.08409284072868306 
0.03133215266744149 -0.08858265904500154 -0.08606506572016666 -0.003505213122907039 
-0.08181341665617517 -0.08801253848539603 0.07230183229695514 -0.018759716342915206 
-0.09458958094998336 -0.08554075165883923 -0.04143332626798207 0.045065628844879496 
0.06612119995205876 0.03760913120430376 -0.022325014088102432 0.023732548056373523 
0.07471227737818242 -0.022442691020036556 -0.034666341887257465 0.08595128084159709 
0.02438821214259028 0.09367478353570799 -0.07522089933236711 0.047499723104731606 
-0.04631301878646326 -0.01203427559543449 -0.009656710781415528 0.06113784947511733 
-0.058038937324167476 0.023021843552371246 0.016947362937373867 0.06863896289387575 
-0.07028888437755623 -0.09585577318608261 0.031720263107658936 -0.0706248955482967 
0.019837055542016424 0.04945418468931123 -0.06181967251668146 0.038077257109536716 
-0.00954518613917385 -0.037458330884951055 0.03301536622897733 -0.07899708836798332 
0.08373015777979687 -0.020900214183191684 -0.05813628655294996 0.03953352667706897 
-0.06110327763399577 0.01568150889557736 -0.032747686385495745 0.089360338354293 
0.00956585734218629 0.08997267980734688 -0.09134989762226309 -0.0509325118504054 
0.044528714811944925 0.0534340263865018 -0.03836114208078694 0.009672005230512842 
0.06334580607552609 -0.017030014557654544 0.04337161310712806 0.09030879765015559 
-0.09123407297346893 0.06753352616001279 0.05847331439480083 0.08465062606698823 
0.06686525266612428 0.04956683615298613 0.0014445072189016167 0.05693637715558439 
-0.05311134087055889 0.03471332130724314 0.09085330963421731 -0.009475763596731523 
0.0897564004214341 0.024570883219425216 0.03200488007840435 -0.06411966336438152 
-0.05275181599090371 -0.09758037932902817 -0.03455203833635678 -0.03232508763712645 
0.018465787786612384 0.0804092592312671 -0.08620297656057488 0.08874330960314303 
-0.021649332502895774 -0.022814400495930337 -0.050039628029696505 -0.015430262123539415 
0.08924910437876057 -0.02038561004693336 0.059568367193592736 0.02590385313111948 
0.021300790365020708 -0.06821828606749253 0.049242432860497926 0.018308012079021482 
0.07340306010771727 -0.06535336663347119 0.04747696679839139 -0.06838190986054135 
-0.06742861520090132 0.08371523184536186 0.08871077306482811 0.0641584744267941 
0.05019565380640578 -0.01773873078130314 -0.021014789216973778 -0.08375351485611192 
0.041925944956389016 0.053164369366602154 0.002259847237582699 0.05229968274683572 
0.030874687043859844 0.019740423025046527 -0.009783437198769201 0.033696266542854764 
-0.007560572906158192 -0.09024249256860212 0.017907502661338448 0.08311350773111295 
0.04342393332181396 -0.017962588287726233 0.08923635379156974 0.011606940237133406 
0.09194763758081137 -0.030370973617871805 0.049698607036142206 0.0414485491210381 
-0.05678164474653045 0.07491681181706958 0.03975292858722021 0.005161441962733798 
-0.09596081875923756 0.0399079954121119 -0.08118439304173433 -0.007974745546005635 
0.07334843409619837 -0.014661032517327116 -0.0499822449075124 0.062249596520736555 
0.026144411215994423 -0.061643046702365714 -0.051590651012408985 0.04748017030444027 
-0.09278963809570817 0.03557762951070609 -0.004948353126139171 0.04073862413172416 
-0.07524418574271163 0.08053330668352462 -0.00849801784373641 -0.07954882372610331 
0.015187907961503627 0.053944448770764125 -0.05531430143362888 0.06363795506570954 
0.09384172989082681 -0.05702168021994112 -0.02631612441585554 0.08272121130542606 
-0.08979559340237729 -0.07228058522858061 -0.01365108588696147 0.0539278090532013 
-0.07927728296391914 0.024055803476452198 0.05461112303419899 0.047023037998079664 
-0.04995604662224429 -0.03872757183983018 -0.07974385485764304 -0.07017681047043921 
0.06082550339753018 -0.042202509410153626 0.05501738642607734 0.028044658689380025 
-0.03279918996993318 0.0658530191169692 -0.08103052501003923 0.03846257509778403 
-0.00630419253706152 0.04222258593351483 0.05771592024366465 0.023971809975694064 
0.022309508052197002 0.09169361305316776 0.039669273268110705 0.08976375795245276 
-0.05955380637782551 -0.04803247195368687 -0.001356962353053201 -0.03780631241394383 
-0.049243552085405276 0.015611520127487497 -0.03455199809554864 -0.04607657158934349 
-0.07142841801056232 -0.026303153798025766 -0.0777349274994329 0.07433796704766646 
-0.08717847768534084 -0.09097354967382541 -0.05577425325518448 -0.009677495788626228 
0.08304064409201276 -0.03220022998937487 -0.08235425486303415 -0.013525324826569984 
-0.062283833330033136 -0.07382049953990764 0.05630178215950521 -0.029868648976461784 
-0.029851153386321314 -0.014432404795997097 -0.01171822805007143 0.03814289067355098 
-0.05363252048045846 -0.08258425488748884 0.04304647590582911 -0.019492219505441555 
0.018306721847850274 -2.2303595280508126E-4 -0.02028008895547126 0.06494266883192151 
-0.024933251483276714 -0.062127949886255564 0.09187291573355491 -0.0011080787190193703 
-0.03863322798313478 -0.09111855234756845 -0.08864902827613547 0.008054765286651722 
-0.06639929981318278 0.09111405904524503 0.021602984835045524 -0.0014043130550560196 
0.09702349952598877 0.09947147818156557 -0.021856413448234635 -0.057414626667586725 
-0.09821533442736763 0.02663715969271291 0.02597858650162102 0.09185600118722839 
-0.09486526159323153 -0.02494185755866178 -0.07193464389033695 -0.034409760734334285 
0.08511459577895333 0.05925597239656588 0.09281086238542643 0.08709057876383822 
0.03651771208989582 -0.0635472303387809 0.03329940076520446 0.05264462334300776 
0.05436936427650638 0.059950539809751485 0.056678203565029145 0.08970811304331863 
-0.05199768127207027 -0.08694092805800835 -0.012016912086393994 0.0056509656959764926 
-0.07062847305903681 0.09753560964912084 -0.09812599084196257 0.020051538902457117 
-0.06146518085396868 -0.04359885245018622 -0.059919623203544915 0.0790970095060283 
-0.06917600862492497 0.007517144458727837 -0.09971340290849035 0.07058902717432372 
0.02630041417090795 0.0064360787767194505 -0.06371693950796237 -0.07979817088275086 
-0.0836229144185146 7.681510499501359E-4 -0.05998726226394968 0.04313260828571891 
0.018681069379723803 0.095027707209097 0.09077659623608386 -0.09855172163655619 
-0.008834146814574798 -0.024610994232513672 -0.07816728240434721 0.0646043453518517 
-0.035982478090608214 -0.045104458621367076 -0.07631376281655884 -0.09884434528855612 
0.09543596400305882 -0.011363658094130286 0.022404081384242366 0.09875510533979046 
-0.03663947916054222 -0.06996690293755864 -0.07645352119993779 0.01637877417248472 
-0.0678808041476265 0.01355435037097985 -0.05151639526242749 -0.023533782805243167 
0.06655784527276351 0.03677053359121879 -0.08115541559651102 -0.08196319957664173 
-0.08197904565151681 -0.06850664381269231 0.042108054213223334 -0.06284955951869271 
-0.08686105058613376 -0.01677942798481595 0.07333420303136248 0.004410139140865341 
-0.010536801756759459 0.08474821471056335 -0.09797627129731377 0.08976059354777763 
0.01566080279013131 -0.07319831677558551 0.0032817209499165917 -0.07224595395366173 
0.03573185910339233 -0.02608636865519247 0.02444877054456221 -0.001417636956075996 
-0.03927562114155934 0.0210116441936615 0.03510271518574143 -0.010353736034190347 
0.09357842566532118 -0.02381988947640412 -0.04769990747783368 -0.08597218084953775 
-0.06185573899515882 -0.012114748018480698 0.04010239757882095 0.08182087427103607 
-0.061483573298507205 0.08075370254700415 0.07526480635974381 0.0928777065797789 
-0.05273833635572012 0.04399545296866619 -0.011490515708554458 -0.0732257950274866 
0.032055193137641796 0.08606962919164626 -0.08438618435046952 0.07978955111032718 
0.09476665864788242 -0.0740453924597576 -0.07492937097272374 -0.0893809211766405 
0.009770742169519786 -0.06619479041165052 -0.05836163669492252 0.0994651894992645 
0.04239649940627124 0.00477573658953756 0.07866003437652314 -0.05810620859822231 
-0.042202233387734635 -0.0766738421587744 -0.09964074697947421 0.08685040979978625 
-0.08461395293023143 -0.026080790845687526 -0.047710833556638146 0.08480948211720726 
0.06263183400637826 -0.03330721883992997 -0.014841784821651813 -0.03555803961402286 
-0.09842798938934852 -0.05173786275684096 0.09933204284304517 0.05237719143525821 
0.021878508176165837 0.021404200545047686 -0.06321810932068497 -0.03235195666373865 
0.09272676494947393 0.05359297429989143 0.05659574150198304 -0.019248663266658597 
0.06572055445123273 -0.05851041543624585 0.005466634086534777 -0.019242011185421237 
-0.09172119762785183 0.029685408639864824 -0.016929318686143516 -0.004157180469557237 
0.007466396887610555 -0.013688896009606738 -0.08145320642745564 -0.059879396466327166 
-0.060552567680028015 0.05380175450839883 0.030924456198312356 -0.0902002218677748 
-0.03321192519966719 -0.05740612675557471 -0.054214092111554146 -0.09657120491568719 
-0.07051269845256335 -0.06700115419013933 -0.033186373256163276 0.009460491255759734 
-0.00552522611334931 -0.0260606648113533 0.030879503334938385 0.09350591264516847 
0.01183660574734055 0.058367376244983726 0.05926330691918444 -0.08939147988182868 
0.07916471181001669 -0.008270080965128226 0.06231526382981964 0.07375707303569431 
-0.060751113601769595 -0.014038858793582049 -0.02778801415039621 0.0181877677550574 
0.09414332604101885 0.02334069124416431 -0.056638383315830376 0.0756819625805426 
-0.0916546417409126 0.05942361043416672 0.05447189871718522 0.049072848635402955 
0.008605044936430634 0.07250730891550147 0.04583439883195978 0.004864386092340897 
-0.0015397165216860104 -0.05192140558718286 0.01657124602844555 0.014170124903427256 
-0.04141021797103128 -0.03974474323381758 0.0050337707251685015 0.03210369448663855 
-0.03770115309287783 -4.728028442001764E-4 -0.05489406666484682 0.02230568275876124 
-0.032931337548287656 -0.006207376341167151 0.04654515225021699 0.015404178356011794 
0.01804334526359866 0.033717525346896815 -0.04665590280607712 0.03942040599989982 
0.09243696131361245 0.02915308337708286 0.09527875544298864 0.08408625662511776 
0.06551166429606545 -0.0997151391296812 0.016528112353728308 -0.07895263793165426 
-0.05482885405710576 0.018218097650624848 -0.027871950311622262 0.08914776087243395 
0.0783002591232268 0.0250804336966661 -0.0696351614863531 -0.07997408812772688 
-0.02805876170814825 0.012242014188132172 0.0560281252491599 0.028130329064645465 
0.08316469132808507 -0.044274893717705835 0.07896781165339745 0.06916758894512534 
-0.0035147925854909223 -0.06452810828464989 0.004185895990407973 -0.014794706173858321 
0.02896199472525085 -0.07162761872054701 0.04952290115933197 -0.05748586139890948 
0.01161877655509494 -0.049659632955037926 -0.0408442550979248 0.0881803904447429 
0.05018391024261945 -0.0045987021391111355 0.008824583020742252 -0.0705741499472197 
0.024567246079982147 0.069585193627929 0.00969183691578894 -0.07303601589379408 
0.0524556381231327 -0.06863322774166565 0.013330747107576174 0.011641159927922362 
-0.0908138559341894 0.09320835061165292 0.04749212816121384 0.059152095234880825 
-0.024505534996147188 0.055220514337519205 0.08939361061648315 -0.05858571808999158 
-0.042470135209611785 -0.024748539974223993 0.011754619400476132 -0.04260392372353492 
0.03717404948857023 0.03171261868818839 0.05184936066654253 0.0837493757314095 
0.046702294105657544 -0.024122346593878463 0.028713721399823117 0.04276022354437667 
0.022906059942060103 -0.06674973437723337 -0.036676190968539135 0.04061496877694265 
0.045176236864343244 -0.09971644583040183 -0.07204088201094357 0.06420961427440294 
-0.02196087496968227 0.022708094427583772 -0.06230778183137445 0.030974074973667415 
0.029119192392130094 -0.057286246546748965 0.09843163088522194 -0.004375891352083203 
0.0860186864962264 -0.04673683181089157 -0.0984978071641939 0.0967612951990427 
0.020157472976456578 0.06963480383807916 -0.015264502589902446 0.05038509014869208 
-0.0015923278055121892 -0.053101901607014716 0.01733651476223834 -0.041038689875526946 
-0.09898134962376066 0.022390881403196367 0.022124465042508243 0.08482252141764932 
-0.0705797374164535 -0.08946265496520059 0.09169095035534455 0.005200896984548592 
0.027309516330374345 0.08098029033521723 -0.027344324821932456 0.05396157087308215 
-0.029623112652127734 0.05773626015660391 -0.08627176448711092 -0.02560786036200223 
0.09813332551439935 -0.0053450950549921855 0.015130527990271411 -0.022484419075244857 
-0.07041909407751634 -0.06756179183909422 -0.044873557942475766 0.06671556974667034 
-0.05572865775350706 -0.007324936394072806 0.020251128908981356 0.005506132539172787 
0.09980402499286167 -0.03431528557116677 0.08817542578821844 0.07849125071568167 
-0.037679998295393216 -0.016305321810559034 0.02573463112370361 0.07894632052969028 
0.016231013704326266 -0.049434929787247596 -0.0895778448601476 -7.388353238868134E-4 
-0.008318394126579018 0.03197617667350566 0.032891271650580645 -0.04747928384526892 
0.03786285095165612 -0.012492299686338318 -0.011218113795213383 0.048830774996202087 
0.07697378995872647 -0.03686227035161209 -0.05154468033814124 -0.022919929821069024 
0.08864349003301572 0.0517538635902757 -0.0784995252734747 0.039348530582552055 
-0.03730384261027089 0.054735915908387694 -0.03154290138938079 0.07711090152154307 
0.0827171546922115 -0.03385202705070982 0.05818128462010805 0.06412286523796837 
-0.03555799603208143 -0.03586853098426428 0.0729584885253032 -0.04766507868285306 
-0.03887707501658604 -0.048015038033332604 -0.010089060249389853 -0.08870581646441651 
-0.010735841071332158 -0.05265630152119356 -0.09701001774866709 -0.013438603576606228 
0.042899464688234634 -0.016542312689573818 0.025089523555896942 0.02532746647324799 
0.027816873822000515 -0.059333602982742685 -0.09140622622620985 -0.03269795962886668 
-0.02186231730694159 0.020253112043297467 0.08177545899141522 -0.030672648334972366 
-0.09345409952594666 0.07751464322506715 -0.02280911269447336 0.06603323377879064 
-0.05175907896851546 0.04918832425214578 0.06220096808540354 0.031284514682198034 
0.016556624019357646 -0.034756866052309016 0.015370308056265408 0.06404978385051771 
0.03191335949730589 0.06871406831478644 0.015733772829797488 -0.04945232664572892 
-0.022949385475841397 0.0725929586949032 0.00859054119250835 -0.05158178750021532 
0.014706094893158078 0.017027019689952794 -0.04278799159675051 0.07821260724577608 
-0.05129540486087539 -0.09681958567062293 0.01925889496440243 -0.03444908042262311 
0.013939130756420531 -0.07906951471604128 -0.019354714099803647 -0.08401413872376745 
-0.007481942424582069 0.03235868186842511 0.0044064669889178065 0.07845617110243866 
0.09624422008783814 0.052099454306466536 0.014263227186617058 -0.030201044335675525 
-0.06795344631760089 -0.05469360372152441 -0.006972252913961044 -0.09703241931264457 
-0.06327883398847048 -0.028202618212801775 4.361487280889753E-4 -0.09747273112390531 
-0.01573724454809214 -0.03210333993456087 0.01654797645781085 -0.07345879372907199 
0.08977638715271757 -0.04575773664795835 -0.0201507997852111 0.04823836983051505 
0.0923666198858982 -0.03352885427374279 0.04338952211462124 0.07197391058169314 
0.07325014951067141 -0.03926468091265443 0.018363368083684703 -0.03978381050887295 
-0.058354676603657146 -0.0010931523462132803 -0.05707423687926066 0.04221312202206809 
-0.0013042623019119404 -0.07251917662847024 0.07025285239335077 0.08646165768414918 
0.039032423275534966 0.021263256398042094 0.06105742856307844 0.05899159662484685 
0.07903279431059909 -0.0060027701839414915 -0.06589958147085426 0.007466574351807934 
0.06353038982287407 0.03890543549968056 -0.0018322819790546896 0.028150785094368136 
0.005765778405291605 -0.02146909258553549 -0.03318094491081547 -0.08207319893757331 
-0.023539370685359343 -0.011491013442046755 -0.03762129052257355 0.0721588675540131 
-0.014830012282853217 0.07244266128538235 0.09443178832459354 -0.09903748670250645 
-0.050963895131800024 -0.04891344115807335 0.05203827430940475 0.06255434683043756 
-0.04194043611603748 0.025775731102515576 0.040889978237789476 -0.07727102295488211 
-0.09541589522746592 0.032577693237278715 -0.020466027141439164 0.06204884461926383 
-0.019152967409243285 0.00789100943565857 0.011976570144675874 0.08753987125006898 
-0.028424535076412072 0.06718471692092273 0.06530353759760307 0.0011235903429978045 
-0.07540955246841526 0.005052581857122984 0.07198249176688629 -0.06258162782626704 
-0.05773761611320408 -0.03778761874880643 0.04086121434635709 0.02359839834689506 
0.039734329172332467 0.044173121724073894 0.06624408075991337 -0.017901955907473788 
0.07413500934796374 -0.07250177535769127 0.0404800927719155 -0.050589975183158845 
-0.048457211580130014 -0.03028395476826455 -0.06920417569639059 -0.08920254024802737 
0.05464738948790923 -0.06345012298769767 0.023683738640239357 -0.06659598245466491 
0.08717955802098698 -0.06174152863233049 0.027457313615912693 -0.0014012401759277149 
-0.026068228954555517 -0.07769550545756376 0.0488504548776896 -0.08785941731328198 
0.010518921802543435 -1.7230058201925247E-4 -0.08710468731585959 0.0891023386195583 
-0.031163253287022616 0.09319004651775453 0.05909131952831609 0.09548650468165285 
-0.04629472855752468 -0.09765710210768741 0.03596284774300587 -0.04953336153495718 
0.07103462595469315 -0.006781879698030041 -0.004676451193514147 0.0981811692268662 
0.011976439825759175 0.05895498497897608 0.029426119779410564 0.08135548088302483 
0.02171717393047727 -0.04538084139920937 -0.07855546729333816 -0.05617839815033299 
0.015208665176322272 0.05953978315380545 -0.03132142779755538 -0.06778602574573081 
0.018231596358517635 0.08761311064465196 0.039163942624917736 0.08812856678825398 
0.03903765266622375 -0.033055350483676624 -0.012031573876513282 0.02931000874100559 
0.09972093611643484 -0.09301246403259222 0.04494221367052681 -0.01862100424654005 
-0.01860695298981256 -0.0761747862923967 -0.07108648551544834 -0.004129860263960186 
-0.07163016814996925 0.05005094538034058 0.0013087598832594721 -0.04391042127426695 
0.04611097286039778 -0.006830878388288733 0.029653453532374335 0.08628853000676992 
-0.09771145846730374 0.039187071824986486 0.07541251369425167 -0.07689259162817164 
-0.0386566767842083 0.07914567028854827 -0.09297322437261822 -0.056196370285843435 
-0.029409516949675488 0.08172639658511474 0.057936638606193414 -0.02197354963891804 
-0.037728291793060746 0.01712689624137513 0.027917631160475936 0.09535230720383672 
0.08915120317517713 -0.01963049354775985 0.08755824264352072 0.054248908549831415 
-0.0912092561238298 -0.09689556348879265 0.07677543492958172 -0.026217173303728122 
0.03832582620973912 0.0022633758041749052 -0.05485166707879017 -0.04388180927883976 
0.04110754013777862 -0.04808915723250393 0.0997797685610474 -0.05038066327143562 
0.05611690221087215 0.0804916124831567 0.07620754213689737 -0.08443929517380311 
0.029494829651483034 0.05740083372173918 -0.08416588582567844 -0.06737086637092052 
0.05962140556826309 -0.09223657622522557 -0.01893614945568234 0.04190742599412148 
0.006741938971331046 -0.01905882774318028 0.032284186128154785 0.016182808299498516 
-0.07513576782906124 -0.058831185243909734 0.06469119691547962 0.08346821660565776 
-0.08069674341784677 -0.049795861929735466 -0.0311483743422412 -0.03842587679282281 
-0.03570874368910518 0.03482976010928582 0.049336460123676706 0.05057295528747838 
0.06000631701697279 -0.08050740057851072 0.08476033964050098 0.009964111664414549 
0.02931844186335189 -0.076935977046442 -0.03571173115422502 0.025868290154800966 
0.09383337996419205 0.06490192629240193 0.007543044206853172 -0.0505599641336959 
-0.07739042367955294 -0.0876399642088869 0.08202902778376156 0.02448838410219252 
-0.07076019825240934 0.07992805360402908 -0.008192552368968237 0.014967495406562614 
-0.06549550294687297 0.03123380644601842 -0.034248017607518264 -0.01675297378347737 
-0.030648282752405234 -0.05482970241583099 -0.015301684067835344 0.04902087208813938 
0.026687526723051774 0.011221361360340201 -0.07000636839134332 0.02629756077426529 
0.0769531347596478 -0.0068158909042715515 0.06242037106238077 -0.03221383601717649 
0.03334220618445219 -0.08870063441579851 -0.05275183508478279 -0.05002833604818409 
0.059310694252258545 -0.07192865542186817 -0.07237875000033607 -0.042450954344041385 
0.09837915049982998 0.08649149643667 0.015340567819423945 0.020057797560956075 
-0.09339889588483695 0.01893611470512757 -0.05256922152167061 0.04184253345802896 
0.032668837573267134 -0.02299501340568566 -0.05739117971153336 -0.08793841495315427 
-0.03786533410155586 0.024890976567751327 -0.028604306498228635 -0.08610956724534785 
-0.023494285857477523 0.04777021617925406 0.023278290142919128 0.03357227736272281 
-0.04703431932524234 0.0630037999204327 -0.06955444820702046 7.281097169845319E-4 
-0.03815504085746744 -0.06632788779764738 -0.07037626683171161 -0.06456136435970342 
0.033230045501037364 0.06368805464642238 0.09350839864558685 0.023118476570053365 
0.06138309648110224 0.09013546710706269 -0.09044890885500663 -0.014146743254764282 
-0.014840066672685698 -0.08705901717863339 0.08672204584090643 -0.07485874442173486 
-0.08438054011412453 -0.03774767459051698 0.07016331604888706 0.09260227980284078 
0.05782724693341634 -0.07196638556528943 -0.021259065554927292 -0.016624226589957145 
0.07608217438774068 -0.028361001037599795 0.07489658714107233 0.010728048487390285 
-0.09697954681060238 -0.09861423697872718 -0.05007221607199737 -0.039696021818132636 
-0.022499825227367737 -0.014872016216774434 0.062246231007750646 -0.03412944508598802 
-0.028855108245635266 0.053176712662611536 0.016875828852658592 -0.039560627308847865 
-0.05845259042206141 -0.06719343963978455 0.08939052127838601 0.010920022189308501 
0.06566400701191716 -0.08836952214310811 0.028489885649913893 0.07937165222514722 
0.06069668040557538 -0.05249553849959681 0.048735606966855693 -0.02822709828676949 
-0.09150042075262964 0.07388130594628711 -0.08435511079052671 0.0321639349744941 
-0.04335577315804913 0.01942810129796524 0.037241554807838084 -0.06349273225023067 
0.055241812521716976 -0.048996590073966596 0.021247324909610524 -0.08676761251488195 
-0.04922768693710777 -0.08281666831319719 -0.031831952371467784 0.013876438089505935 
0.010367342036526964 0.057436362915813166 -0.0025194851341236724 -0.09201545101430086 
-0.07559896753237272 0.09199370242240223 -0.0034558474052875238 0.09748176017701768 
0.049432707762723294 0.035037137391868534 0.09637705007122094 0.05822559827384524 
0.037462595364643164 0.030701072203375618 -0.06971018324295353 -0.009727546654743693 
0.0560356598729308 -0.09915079214149608 -0.058986387028308586 -0.08208101161981154 
0.072157072896646 -0.016548853719451945 -0.03130708532057927 0.09220230120599798 
-0.04702568361500164 -0.05096883644063297 -0.08192738548129519 -0.059307878201707465 
0.08268772219390494 0.09526327811096122 -0.04780493593273352 0.05714523595624277 
-0.045632203113109164 0.022989910142522316 -0.07310550449844577 -0.038983175654452085 
-0.023977383142709724 -0.09846835758010118 -0.07139298250772841 0.06185471672158688 
0.021539028675662222 -0.016500661832979158 0.0322120215242537 0.09090106018421923 
0.0876069844299864 -0.006400414220595146 5.311146430089508E-4 0.0812907054634669 
-0.018665999185991128 0.04046239271959978 0.05239603051738667 0.004960816222714909 
0.019003257686076427 0.0627101998884004 -0.020391199810674096 -0.03439685353845205 
-0.09948041247851763 -0.023874663694302328 -0.04474098034253822 -0.041218696270913104 
0.09363334026195486 -0.06719012412260368 -0.04894376707767112 0.0021475162798457043 
0.021346887557458685 0.08023565615984024 0.09039106035513628 0.03653364604002604 
-0.012664523712318188 0.09193771441198162 0.06574575191330126 0.011936633823787096 
-0.0032033036272157978 -0.06476770844819027 0.049900202628703705 -0.009981447039060454 
-0.019353340864051646 0.028467610709676155 -0.0010943883064960802 0.0678487878896358 
-0.056928767727507684 -0.04742360301123834 -0.014321056863221965 0.07692095513650374 
0.041025886800548333 -0.07439802786390837 -0.08045942075815629 0.07878539425332842 
-0.09668097680554927 -0.03159445989974903 0.016427769425195166 -0.02653857259414112 
0.010214492551692447 -0.07830845754856991 0.03124157061937341 -0.09000224560777675 
0.02026107112678399 -0.015417868039321242 -0.09473109447789224 -0.003670542942228433 
0.08228189296097999 0.014745230247202396 -0.09540076650791891 -0.09169839464619256 
0.004333741781754649 -0.005209850449721304 -0.019364097199348812 0.06941306967678798 
0.0024495033971792812 0.08959219282157804 -0.09146568701263516 -0.021683960537429353 
-0.0056900162995311004 0.09762164284698135 -0.0108893456765818 -0.010843287834745224 
0.08946685511477001 -0.058613796887226816 -0.049797860644828655 0.07176978411439003 
0.0033635144609927697 -0.01928218369906072 -0.082993699908492 0.03326751267032885 
0.03220302156419788 0.028445008940683858 0.09153990783427218 -0.03099143686188073 
-0.032416918423566574 -0.09875251302931609 -0.01610445357748594 -0.09604309773733735 
0.08440808527519164 -0.06713528786331083 0.0689492494666464 -0.03406786974811837 
-0.0634662729010115 0.005700461623888403 -0.08978363319343288 -0.03991723034046928 
-0.016385498205411866 -0.03586274687850943 -0.0018875686418174664 -0.050365621295578845 
0.015232202863563263 -0.028346913330612455 0.08493446200602506 -0.03829514442988067 
0.05733137839511879 -0.012552483811988743 -0.001275266559462085 0.024084592817301437 
0.06061149578478159 -0.06053926953670104 -0.07148871007960467 -0.006934379342219049 
0.011606993711913066 -0.024118950595485786 0.07730756859671822 -0.09153196972009175 
0.008078464443328423 0.08450467705005069 -0.040248792480690625 -0.05863172002262676 
-0.013608916111796043 0.009004156701887228 -0.08330755670526635 -0.09638036361105716 
0.038125891753751806 0.09055227401966723 -0.0407608937701252 0.0625756347017746 
-0.07526104031475303 0.006880416904469319 0.04780525298611163 0.03778144264399072 
0.05027925564019073 -0.020013716039308974 0.08191327770925896 0.06355609185648395 
0.05770999988546818 0.08938196180757019 -0.06427119906662884 0.046262095037329615 
0.0811965181432582 0.07325576133223888 -0.06014439804085828 0.052138989670536456 
-0.07410674882116326 -0.020414791132547516 0.06349925067070519 -0.0018285307018020697 
-0.047120481226210154 0.052153687607995186 -0.035245551791162164 -0.03898161292706004 
-0.08296127088321237 0.07417968691198654 0.012644730054991518 0.09806471341084974 
-0.03879450714345598 -0.06818093729083399 -0.09303621637111786 0.024095368963384642 
0.0256041646356627 -0.0666395247416631 -0.05882812898109087 -0.09499623714576014 
0.08797998611381688 -0.024798908897239416 0.05202657417974707 0.08903160413014258 
0.0655894057488153 9.395445919278406E-4 -0.027256115305389392 0.023300375164629766 
0.04320564979727318 0.05974313231525072 -0.018539580783976398 0.07988400927227829 
-0.022605981415209614 -0.041155191220410114 0.013492389493852869 0.028238797883659572 
-0.001862169220748 -0.0939979144328798 0.0961507789463408 0.09921004645869982 
-0.04970592823374449 -0.09165225060422129 -0.013290452706748626 -0.05029170934544709 
-0.03803443430381468 0.056697781195730934 0.009619920771579693 0.07860781600086794 
-0.024689209913164326 -0.08403324937292776 0.05514795811799428 0.0033511889015825497 
0.07174804243012362 -0.0647056617427702 0.034620974027307266 0.07704289187591204 
0.09268322901492945 0.08085393182793107 0.023507949619729837 0.04212169841413832 
0.02080991426886092 -0.02321561952183157 0.0879538037517055 -0.007602659317169441 
9.288731852849369E-4 0.09153350047121367 0.07073620525610258 -0.08625114845223512 
0.03753665288401131 0.09913510227276962 0.06124553135514024 -0.07353643809146826 
-0.04922456063008647 0.015190164369357856 -0.05305891777894061 0.017325029752183377 
0.06492135145671651 0.039245314133363546 0.013941592809263548 -0.061770943165407814 
0.010395205813901146 0.07750161202135816 -0.06988108055638652 -0.07595617322595205 
-0.020070341593016572 -0.09223732857958902 -0.01870429673058531 -0.02598386488458769 
-0.08518584048001661 0.07359062861579199 0.02367735301367517 0.08505872463272374 
0.057528029462061314 -0.0036470471108408925 -0.07476307314456283 0.0932353760689982 
-0.0883267192047844 0.032484539546391855 0.09025671092940285 0.018721785553088857 
0.03194444220507875 7.565217130979934E-4 0.03826219018879323 0.06069133994392936 
-0.09961665288400384 -0.07691675920129509 0.06703378381173525 -0.07158981857752258 
0.07040865497143836 -0.01690651758588528 0.016710509414580632 -0.025823461515833215 
0.09795806910446322 -0.07325264359311881 -0.04788542239660956 0.03220278146206321 
0.06338319487902686 -0.004603201864363499 0.004804131431780628 -0.008737592026314078 
0.02137852607734396 0.05104488183682693 0.05347872051521893 0.021399807224958003 
0.0894047006858312 0.009394007632859386 0.0576992122617537 -0.05837267158020672 
-0.024695043005917225 -0.03511589012265985 -0.032951055096097484 -0.056019099096936725 
-0.05050929066351111 0.05938161637808653 0.04160748218730553 0.018958963942973556 
5.056003778411144E-4 0.09428224168682786 0.017769391598242784 -0.07760887012808054 
-0.06886260690375678 0.09802394282134547 0.07108857173026639 0.0755644490369187 
0.050836291182959126 -0.06943121916560209 0.029156735548693635 -0.04352411367768974 
-0.02112832602192853 0.0095684138364579 0.045252715970401924 0.05757489159568785 
-0.09357532120370332 0.0222204894256611 -0.04216607154489707 -0.020975373675605827 
0.06888470916221837 0.019934692929061873 -0.018636317207847197 -0.03857683900707001 
-0.06754067416357629 -0.09578407472143442 -0.031612361012953505 -0.02657487045177241 
0.03934552575080544 0.015163403633114927 -0.07017555391202356 -0.06638610089902881 
0.09435178153604123 -0.025647586405386225 -0.03804726243592585 -0.06630509738277619 
0.073581547345734 0.033684221783116974 0.0905212838024296 0.02432454115829452 
0.03184976025574465 0.06708260372763378 0.09379078533437793 -0.04691029607193534 
0.0065495313550436585 0.06679108057872626 -0.08312148842681039 0.017834421873133582 
0.07087640186287314 -0.032079123049918445 0.008489534348321184 0.028161388200899223 
0.09016405622942159 -0.003273782721566948 0.09874371512454846 0.054057667392424874 
0.059525304332714885 -0.07571168615701798 -0.07291240116786368 0.023243390869223307 
0.05248385410122111 0.06213341278125639 0.04451474455929261 0.008563168546124822 
0.003948362210083697 -0.03612213620505121 0.08236755740178023 -0.02829709061532802 
0.08998679478532803 0.08372606092015406 0.05099316843941573 0.07453371994690258 
-0.045845972537053005 0.054425067343609024 -0.08616732852656935 0.013859077894016941 
-0.01017513426173873 0.05433624721813293 -0.05131340660102608 0.07840458599772898 
-0.04456743599984923 -0.09251641927064154 0.0026818102113179004 -0.040703125696401825 
-0.03320059666720725 -0.07930115153090007 0.06119247370346578 -0.07118812598871858 
0.09781266555291965 0.02487510987654025 0.0027450537463501873 -0.01139791113375048 
0.07271604228641151 -0.0888617061955656 -0.08148854129028027 0.04148118072611601 
0.02632572150506543 -0.055520493380157236 0.062283586901858756 0.0046240940206110775 
0.07677707701644096 0.023647422701120566 -0.057583465122334525 0.07442962237499856 
-0.06526984021204192 -3.5109782680084467E-4 -0.05663756806362577 0.037685405640043024 
0.08587843914591439 -0.0593142710151662 0.08222853544048425 0.05009759154256124 
0.07367430099718719 0.054589477142474835 0.04286867421085 -0.012729441481065445 
-0.03764291559531763 0.016511188639257934 -0.04547373425332116 -0.08634692559102114 
0.033122242890612386 0.010501550962987077 -0.032008802189511285 0.032337023209986854 
0.0712656112888696 -0.04574653161157936 -0.0584163695898412 -0.012271021666490342 
0.0834283307625043 0.041173343028604814 -0.011953845585340739 0.004317839064551965 
-0.05485865302472284 -0.0043806556695362014 -0.03006525627474947 -0.08060458071948916 
0.008043072008858898 0.06228095996455102 -0.004004447488733853 0.03507497863714987 
0.06512064605285142 -0.04339818385977308 -0.060196669677995224 -0.010507775094312999 
0.0649109926582544 -0.030822074330708257 0.09205979603469597 0.06358407157305393 
0.024882875591887912 0.006474918363933366 0.05370308091067627 0.0599347493141312 
-0.0422497999723529 -9.356195992935024E-5 0.026789195651717834 0.010180940370339758 
-0.051824258276126446 -0.018544954556663468 -0.07804622628959404 -0.00823381127635843 
0.07027927664235853 -0.04689965288912912 -0.006720417599081152 0.05909779946859203 
0.07958172208988365 -0.09642112059690994 -0.04407867598491551 -0.02580488665499081 
-0.04310040312305594 -0.02292826660993523 -0.027536557489232227 -0.01479145033074987 
-0.05213226685828594 -0.0774036450005196 0.026361830623543192 0.08938508258456104 
0.03629620190166541 0.06249918468759863 0.04927605973225116 -0.0710427613914037 
-0.0740261429538653 0.07513629288606016 -0.07766244689969262 0.004237546221469796 
0.0969576514890435 0.03571182009379964 0.021805900133549466 0.07705796370533366 
0.07382553099528691 -0.04966866267479569 -0.06809033917848248 -0.038163132883257345 
-0.004069499255552583 0.03465913563567877 0.014235559839755926 -0.08845206790108853 
-0.02979568221133562 0.03186945403192737 -0.05654390471092812 -0.04725941660477911 
