 0.00729927 0.021881837 0.010844307 0.022127053 0.055061657 
vhs 9.1240875E-4 7.293946E-4 7.745933E-4 7.1377587E-4 8.603384E-4 
prepare 9.1240875E-4 7.293946E-4 7.745933E-4 7.1377587E-4 5.735589E-4 
half 9.1240875E-4 7.293946E-4 7.745933E-4 7.1377587E-4 0.0011471178 
slowed 9.1240875E-4 7.293946E-4 7.745933E-4 7.1377587E-4 5.735589E-4 
numerous 9.1240875E-4 7.293946E-4 7.745933E-4 7.1377587E-4 5.735589E-4 
layla 9.1240875E-4 0.0014587892 7.745933E-4 7.1377587E-4 5.735589E-4 
n_regret 9.1240875E-4 7.293946E-4 7.745933E-4 7.1377587E-4 2.8677945E-4 
accuracy 9.1240875E-4 0.0014587892 7.745933E-4 7.1377587E-4 8.603384E-4 
hall 9.1240875E-4 7.293946E-4 7.745933E-4 7.1377587E-4 5.735589E-4 
discourage 9.1240875E-4 7.293946E-4 7.745933E-4 7.1377587E-4 5.735589E-4 
n_matter 9.1240875E-4 7.293946E-4 7.745933E-4 7.1377587E-4 5.735589E-4 
dissapointed 9.1240875E-4 0.0021881838 7.745933E-4 7.1377587E-4 2.8677945E-4 
youth 9.1240875E-4 0.0014587892 7.745933E-4 7.1377587E-4 2.8677945E-4 
vid 9.1240875E-4 7.293946E-4 0.0030983733 7.1377587E-4 2.8677945E-4 
approved 0.0018248175 7.293946E-4 7.745933E-4 7.1377587E-4 2.8677945E-4 
music 9.1240875E-4 7.293946E-4 0.00232378 0.0021413276 0.006022369 
forevergiant 9.1240875E-4 7.293946E-4 7.745933E-4 7.1377587E-4 5.735589E-4 
pick 9.1240875E-4 7.293946E-4 0.00464756 7.1377587E-4 0.0014338973 
slows 9.1240875E-4 7.293946E-4 7.745933E-4 7.1377587E-4 2.8677945E-4 
n_include 9.1240875E-4 7.293946E-4 7.745933E-4 0.0014275517 2.8677945E-4 
understanding 9.1240875E-4 7.293946E-4 0.0015491867 7.1377587E-4 8.603384E-4 
xmr 9.1240875E-4 7.293946E-4 7.745933E-4 7.1377587E-4 5.735589E-4 
moving 9.1240875E-4 7.293946E-4 0.0015491867 7.1377587E-4 5.735589E-4 
audience 9.1240875E-4 7.293946E-4 7.745933E-4 7.1377587E-4 2.8677945E-4 
amneris 9.1240875E-4 7.293946E-4 7.745933E-4 7.1377587E-4 5.735589E-4 
antonio 9.1240875E-4 7.293946E-4 7.745933E-4 7.1377587E-4 5.735589E-4 
excellent 9.1240875E-4 7.293946E-4 7.745933E-4 0.0014275517 0.0020074563 
younger 9.1240875E-4 7.293946E-4 7.745933E-4 0.0014275517 5.735589E-4 
fairly 9.1240875E-4 7.293946E-4 0.0015491867 0.0014275517 2.8677945E-4 
stetina 9.1240875E-4 7.293946E-4 7.745933E-4 7.1377587E-4 2.8677945E-4 
possess 9.1240875E-4 7.293946E-4 7.745933E-4 7.1377587E-4 5.735589E-4 
rockmetal 9.1240875E-4 7.293946E-4 0.0015491867 7.1377587E-4 2.8677945E-4 
whithin 9.1240875E-4 7.293946E-4 7.745933E-4 7.1377587E-4 5.735589E-4 
n_easy 9.1240875E-4 7.293946E-4 7.745933E-4 7.1377587E-4 5.735589E-4 
version 9.1240875E-4 7.293946E-4 7.745933E-4 0.0014275517 5.735589E-4 
click 9.1240875E-4 7.293946E-4 7.745933E-4 7.1377587E-4 5.735589E-4 
applies 9.1240875E-4 0.0021881838 7.745933E-4 7.1377587E-4 2.8677945E-4 
walkin 9.1240875E-4 7.293946E-4 7.745933E-4 7.1377587E-4 5.735589E-4 
moore 9.1240875E-4 7.293946E-4 7.745933E-4 7.1377587E-4 5.735589E-4 
left 9.1240875E-4 0.0021881838 0.0015491867 0.0014275517 8.603384E-4 
guess 9.1240875E-4 7.293946E-4 7.745933E-4 0.0014275517 0.0011471178 
detail 9.1240875E-4 7.293946E-4 7.745933E-4 0.0014275517 5.735589E-4 
drums 9.1240875E-4 7.293946E-4 7.745933E-4 7.1377587E-4 8.603384E-4 
densities 9.1240875E-4 7.293946E-4 7.745933E-4 7.1377587E-4 5.735589E-4 
revived 9.1240875E-4 7.293946E-4 0.0015491867 7.1377587E-4 5.735589E-4 
brozman 9.1240875E-4 7.293946E-4 7.745933E-4 7.1377587E-4 8.603384E-4 
object 9.1240875E-4 7.293946E-4 7.745933E-4 7.1377587E-4 5.735589E-4 
wind 9.1240875E-4 7.293946E-4 7.745933E-4 7.1377587E-4 5.735589E-4 
humble 9.1240875E-4 7.293946E-4 7.745933E-4 7.1377587E-4 8.603384E-4 
bodouch 9.1240875E-4 7.293946E-4 7.745933E-4 7.1377587E-4 5.735589E-4 
chapter 9.1240875E-4 7.293946E-4 7.745933E-4 7.1377587E-4 5.735589E-4 
telling 9.1240875E-4 7.293946E-4 7.745933E-4 7.1377587E-4 5.735589E-4 
accessible 9.1240875E-4 7.293946E-4 7.745933E-4 7.1377587E-4 5.735589E-4 
spends 9.1240875E-4 7.293946E-4 7.745933E-4 7.1377587E-4 5.735589E-4 
C 9.1240875E-4 7.293946E-4 7.745933E-4 7.1377587E-4 5.735589E-4 
D 9.1240875E-4 7.293946E-4 7.745933E-4 0.0014275517 2.8677945E-4 
chapters 9.1240875E-4 7.293946E-4 7.745933E-4 0.0014275517 5.735589E-4 
achieve 9.1240875E-4 7.293946E-4 7.745933E-4 7.1377587E-4 5.735589E-4 
ahead 0.0018248175 7.293946E-4 7.745933E-4 7.1377587E-4 2.8677945E-4 
G 9.1240875E-4 0.0021881838 7.745933E-4 7.1377587E-4 2.8677945E-4 
talking 9.1240875E-4 0.0014587892 7.745933E-4 0.0021413276 5.735589E-4 
turn 9.1240875E-4 7.293946E-4 7.745933E-4 7.1377587E-4 8.603384E-4 
licks 9.1240875E-4 0.0029175784 0.0030983733 0.0071377587 0.005735589 
weekly 9.1240875E-4 7.293946E-4 7.745933E-4 7.1377587E-4 5.735589E-4 
vocabulary 9.1240875E-4 7.293946E-4 7.745933E-4 0.0021413276 5.735589E-4 
S 0.0018248175 7.293946E-4 7.745933E-4 7.1377587E-4 2.8677945E-4 
plush 9.1240875E-4 7.293946E-4 7.745933E-4 7.1377587E-4 5.735589E-4 
shredders 9.1240875E-4 7.293946E-4 7.745933E-4 7.1377587E-4 2.8677945E-4 
BY 0.0018248175 7.293946E-4 7.745933E-4 7.1377587E-4 5.735589E-4 
X 9.1240875E-4 7.293946E-4 7.745933E-4 7.1377587E-4 5.735589E-4 
tremoli 9.1240875E-4 7.293946E-4 7.745933E-4 7.1377587E-4 5.735589E-4 
musician 9.1240875E-4 7.293946E-4 7.745933E-4 0.0014275517 0.0011471178 
close 0.0018248175 7.293946E-4 0.0015491867 0.0014275517 2.8677945E-4 
hand 9.1240875E-4 0.0021881838 0.00232378 0.0021413276 5.735589E-4 
editorial 9.1240875E-4 0.0021881838 7.745933E-4 7.1377587E-4 2.8677945E-4 
sweep 9.1240875E-4 7.293946E-4 7.745933E-4 7.1377587E-4 8.603384E-4 
CD 9.1240875E-4 7.293946E-4 0.0015491867 0.0021413276 0.0037281332 
address 9.1240875E-4 7.293946E-4 7.745933E-4 7.1377587E-4 5.735589E-4 
n_sure 9.1240875E-4 7.293946E-4 7.745933E-4 7.1377587E-4 5.735589E-4 
d 9.1240875E-4 7.293946E-4 7.745933E-4 0.0014275517 0.0022942356 
terryfying 9.1240875E-4 7.293946E-4 7.745933E-4 7.1377587E-4 5.735589E-4 
learn 0.0018248175 0.0021881838 0.0015491867 0.0021413276 0.0040149125 
posture 9.1240875E-4 7.293946E-4 7.745933E-4 0.0014275517 2.8677945E-4 
artistic 9.1240875E-4 7.293946E-4 7.745933E-4 7.1377587E-4 2.8677945E-4 
mechanics 9.1240875E-4 7.293946E-4 7.745933E-4 7.1377587E-4 2.8677945E-4 
riffs 0.0018248175 0.0021881838 7.745933E-4 0.0014275517 2.8677945E-4 
m 9.1240875E-4 0.0021881838 0.0015491867 0.0014275517 0.0020074563 
neighbor 9.1240875E-4 7.293946E-4 7.745933E-4 7.1377587E-4 2.8677945E-4 
sale 0.0018248175 7.293946E-4 7.745933E-4 7.1377587E-4 2.8677945E-4 
s 9.1240875E-4 0.0065645515 0.0038729666 0.0078515345 0.014625752 
fast 9.1240875E-4 0.0014587892 0.0030983733 0.0014275517 0.0025810152 
speaks 9.1240875E-4 7.293946E-4 7.745933E-4 7.1377587E-4 5.735589E-4 
exciting 9.1240875E-4 7.293946E-4 7.745933E-4 7.1377587E-4 5.735589E-4 
thank 9.1240875E-4 7.293946E-4 7.745933E-4 7.1377587E-4 0.0017206768 
days 9.1240875E-4 7.293946E-4 7.745933E-4 7.1377587E-4 0.0011471178 
y 9.1240875E-4 7.293946E-4 7.745933E-4 7.1377587E-4 8.603384E-4 
information 9.1240875E-4 7.293946E-4 0.0015491867 7.1377587E-4 5.735589E-4 
n_comprehensive 9.1240875E-4 7.293946E-4 7.745933E-4 7.1377587E-4 5.735589E-4 
standard 9.1240875E-4 0.0014587892 7.745933E-4 7.1377587E-4 2.8677945E-4 
violent 9.1240875E-4 7.293946E-4 7.745933E-4 7.1377587E-4 5.735589E-4 
wheels 9.1240875E-4 7.293946E-4 7.745933E-4 7.1377587E-4 5.735589E-4 
harmony 9.1240875E-4 7.293946E-4 7.745933E-4 7.1377587E-4 5.735589E-4 
couple 9.1240875E-4 0.0014587892 7.745933E-4 7.1377587E-4 5.735589E-4 
illuminating 9.1240875E-4 7.293946E-4 7.745933E-4 7.1377587E-4 5.735589E-4 
notes 9.1240875E-4 0.0021881838 0.0015491867 0.0014275517 5.735589E-4 
correct 9.1240875E-4 0.0014587892 7.745933E-4 7.1377587E-4 2.8677945E-4 
n_further 9.1240875E-4 0.0014587892 7.745933E-4 7.1377587E-4 5.735589E-4 
good 9.1240875E-4 0.0014587892 0.00697134 0.005710207 0.0051620305 
DISAPPOINTED 0.0018248175 7.293946E-4 7.745933E-4 7.1377587E-4 2.8677945E-4 
favior 9.1240875E-4 7.293946E-4 7.745933E-4 7.1377587E-4 5.735589E-4 
wish 9.1240875E-4 0.0014587892 0.0015491867 0.0021413276 2.8677945E-4 
thispiece 9.1240875E-4 7.293946E-4 7.745933E-4 7.1377587E-4 5.735589E-4 
tabulature 9.1240875E-4 7.293946E-4 0.0015491867 7.1377587E-4 2.8677945E-4 
technque 9.1240875E-4 7.293946E-4 7.745933E-4 7.1377587E-4 5.735589E-4 
anyboby 9.1240875E-4 7.293946E-4 7.745933E-4 7.1377587E-4 5.735589E-4 
myriad 9.1240875E-4 7.293946E-4 7.745933E-4 7.1377587E-4 5.735589E-4 
shred 9.1240875E-4 0.0014587892 7.745933E-4 0.0014275517 0.0028677946 
serious 9.1240875E-4 7.293946E-4 0.0015491867 7.1377587E-4 0.0011471178 
skipping 9.1240875E-4 0.0021881838 7.745933E-4 7.1377587E-4 0.0011471178 
EC 9.1240875E-4 7.293946E-4 7.745933E-4 7.1377587E-4 0.0014338973 
area 9.1240875E-4 7.293946E-4 7.745933E-4 7.1377587E-4 8.603384E-4 
add 9.1240875E-4 7.293946E-4 7.745933E-4 0.0014275517 5.735589E-4 
sviatoslav 9.1240875E-4 7.293946E-4 7.745933E-4 7.1377587E-4 5.735589E-4 
making 9.1240875E-4 7.293946E-4 7.745933E-4 0.0014275517 8.603384E-4 
informative 9.1240875E-4 7.293946E-4 7.745933E-4 0.0014275517 5.735589E-4 
harmonytheory 9.1240875E-4 7.293946E-4 7.745933E-4 0.0014275517 2.8677945E-4 
stretchesintervals 9.1240875E-4 0.0014587892 7.745933E-4 7.1377587E-4 2.8677945E-4 
check 9.1240875E-4 7.293946E-4 7.745933E-4 7.1377587E-4 0.0011471178 
n_inspired 9.1240875E-4 7.293946E-4 7.745933E-4 0.0014275517 2.8677945E-4 
lack 9.1240875E-4 7.293946E-4 0.0015491867 7.1377587E-4 2.8677945E-4 
volume 9.1240875E-4 0.0014587892 7.745933E-4 7.1377587E-4 8.603384E-4 
neglected 9.1240875E-4 7.293946E-4 7.745933E-4 7.1377587E-4 5.735589E-4 
materials 9.1240875E-4 7.293946E-4 7.745933E-4 7.1377587E-4 8.603384E-4 
gorgeous 9.1240875E-4 7.293946E-4 7.745933E-4 7.1377587E-4 5.735589E-4 
authority 9.1240875E-4 7.293946E-4 7.745933E-4 7.1377587E-4 5.735589E-4 
scenes 9.1240875E-4 7.293946E-4 7.745933E-4 7.1377587E-4 5.735589E-4 
useful 9.1240875E-4 7.293946E-4 7.745933E-4 0.0014275517 5.735589E-4 
wacky 9.1240875E-4 7.293946E-4 7.745933E-4 7.1377587E-4 2.8677945E-4 
technical 9.1240875E-4 7.293946E-4 7.745933E-4 0.0014275517 5.735589E-4 
young 9.1240875E-4 7.293946E-4 7.745933E-4 0.0014275517 8.603384E-4 
production 9.1240875E-4 7.293946E-4 7.745933E-4 7.1377587E-4 8.603384E-4 
instrument 9.1240875E-4 7.293946E-4 7.745933E-4 7.1377587E-4 5.735589E-4 
choose 9.1240875E-4 0.0014587892 7.745933E-4 7.1377587E-4 5.735589E-4 
guitarists 9.1240875E-4 7.293946E-4 7.745933E-4 7.1377587E-4 5.735589E-4 
fingering 9.1240875E-4 7.293946E-4 7.745933E-4 7.1377587E-4 5.735589E-4 
miles 9.1240875E-4 7.293946E-4 7.745933E-4 7.1377587E-4 8.603384E-4 
offs 9.1240875E-4 7.293946E-4 7.745933E-4 7.1377587E-4 8.603384E-4 
hendrix 9.1240875E-4 7.293946E-4 7.745933E-4 7.1377587E-4 5.735589E-4 
vol 9.1240875E-4 7.293946E-4 7.745933E-4 0.0021413276 8.603384E-4 
expanded 9.1240875E-4 7.293946E-4 7.745933E-4 7.1377587E-4 5.735589E-4 
romantic 9.1240875E-4 7.293946E-4 7.745933E-4 7.1377587E-4 5.735589E-4 
attentiongrabbing 9.1240875E-4 7.293946E-4 7.745933E-4 7.1377587E-4 2.8677945E-4 
end 9.1240875E-4 0.0021881838 7.745933E-4 7.1377587E-4 2.8677945E-4 
treasure 9.1240875E-4 7.293946E-4 7.745933E-4 7.1377587E-4 5.735589E-4 
hard 0.0018248175 7.293946E-4 0.0015491867 7.1377587E-4 8.603384E-4 
projection 9.1240875E-4 7.293946E-4 7.745933E-4 7.1377587E-4 5.735589E-4 
lines 9.1240875E-4 7.293946E-4 7.745933E-4 7.1377587E-4 0.0011471178 
live 9.1240875E-4 7.293946E-4 7.745933E-4 0.0014275517 0.0014338973 
mistake 9.1240875E-4 7.293946E-4 7.745933E-4 0.0014275517 5.735589E-4 
personaly 9.1240875E-4 7.293946E-4 7.745933E-4 7.1377587E-4 2.8677945E-4 
ticket 9.1240875E-4 7.293946E-4 7.745933E-4 7.1377587E-4 2.8677945E-4 
practicing 9.1240875E-4 0.0014587892 7.745933E-4 7.1377587E-4 0.0011471178 
multiple 9.1240875E-4 7.293946E-4 7.745933E-4 7.1377587E-4 8.603384E-4 
perform 9.1240875E-4 7.293946E-4 7.745933E-4 7.1377587E-4 5.735589E-4 
improvement 9.1240875E-4 7.293946E-4 7.745933E-4 7.1377587E-4 8.603384E-4 
room 9.1240875E-4 0.0014587892 7.745933E-4 7.1377587E-4 5.735589E-4 
penmanship 9.1240875E-4 7.293946E-4 7.745933E-4 7.1377587E-4 5.735589E-4 
better 9.1240875E-4 0.0021881838 0.00232378 7.1377587E-4 0.0011471178 
performaces 9.1240875E-4 7.293946E-4 7.745933E-4 0.0014275517 2.8677945E-4 
complaint 0.0018248175 7.293946E-4 7.745933E-4 0.0014275517 2.8677945E-4 
well 9.1240875E-4 0.0014587892 7.745933E-4 0.0014275517 0.004301692 
handling 9.1240875E-4 7.293946E-4 7.745933E-4 7.1377587E-4 5.735589E-4 
suitable 9.1240875E-4 7.293946E-4 0.0015491867 7.1377587E-4 2.8677945E-4 
pickups 0.0027372262 0.0021881838 0.0015491867 7.1377587E-4 2.8677945E-4 
koch 9.1240875E-4 7.293946E-4 0.0015491867 7.1377587E-4 2.8677945E-4 
dockmexican 9.1240875E-4 7.293946E-4 7.745933E-4 7.1377587E-4 5.735589E-4 
n_dvd 9.1240875E-4 7.293946E-4 7.745933E-4 7.1377587E-4 5.735589E-4 
n_talk 9.1240875E-4 7.293946E-4 7.745933E-4 7.1377587E-4 5.735589E-4 
enjoyed 9.1240875E-4 7.293946E-4 7.745933E-4 0.0021413276 8.603384E-4 
taking 9.1240875E-4 7.293946E-4 7.745933E-4 0.0014275517 5.735589E-4 
tapes 9.1240875E-4 7.293946E-4 7.745933E-4 0.0014275517 8.603384E-4 
terrifying 9.1240875E-4 7.293946E-4 7.745933E-4 7.1377587E-4 2.8677945E-4 
SOMEONE 0.0018248175 7.293946E-4 7.745933E-4 7.1377587E-4 2.8677945E-4 
bettered 9.1240875E-4 7.293946E-4 7.745933E-4 7.1377587E-4 2.8677945E-4 
called 9.1240875E-4 7.293946E-4 7.745933E-4 7.1377587E-4 2.8677945E-4 
considered 9.1240875E-4 7.293946E-4 7.745933E-4 7.1377587E-4 5.735589E-4 
pile 9.1240875E-4 7.293946E-4 7.745933E-4 7.1377587E-4 5.735589E-4 
ago 9.1240875E-4 0.0014587892 7.745933E-4 0.0014275517 0.0011471178 
premiered 9.1240875E-4 7.293946E-4 7.745933E-4 7.1377587E-4 5.735589E-4 
focus 9.1240875E-4 7.293946E-4 0.0015491867 7.1377587E-4 5.735589E-4 
purchsed 9.1240875E-4 7.293946E-4 0.0015491867 7.1377587E-4 2.8677945E-4 
n_show 0.0018248175 0.0014587892 7.745933E-4 7.1377587E-4 2.8677945E-4 
entire 9.1240875E-4 7.293946E-4 7.745933E-4 7.1377587E-4 2.8677945E-4 
approach 9.1240875E-4 7.293946E-4 7.745933E-4 7.1377587E-4 5.735589E-4 
years 9.1240875E-4 0.0029175784 0.0015491867 0.0021413276 0.0051620305 
egyptologist 9.1240875E-4 7.293946E-4 7.745933E-4 7.1377587E-4 5.735589E-4 
n_buy 9.1240875E-4 7.293946E-4 7.745933E-4 7.1377587E-4 5.735589E-4 
loved 9.1240875E-4 7.293946E-4 7.745933E-4 7.1377587E-4 5.735589E-4 
concise 9.1240875E-4 7.293946E-4 7.745933E-4 7.1377587E-4 5.735589E-4 
chills 9.1240875E-4 7.293946E-4 7.745933E-4 7.1377587E-4 5.735589E-4 
phrasing 9.1240875E-4 7.293946E-4 7.745933E-4 7.1377587E-4 0.0011471178 
write 9.1240875E-4 7.293946E-4 7.745933E-4 7.1377587E-4 2.8677945E-4 
order 9.1240875E-4 0.0014587892 7.745933E-4 0.0014275517 8.603384E-4 
II 9.1240875E-4 7.293946E-4 7.745933E-4 7.1377587E-4 5.735589E-4 
period 9.1240875E-4 7.293946E-4 7.745933E-4 7.1377587E-4 2.8677945E-4 
musical 9.1240875E-4 7.293946E-4 7.745933E-4 0.0014275517 0.0011471178 
IN 0.0018248175 7.293946E-4 0.0015491867 7.1377587E-4 2.8677945E-4 
loyalty 9.1240875E-4 7.293946E-4 7.745933E-4 7.1377587E-4 5.735589E-4 
understand 9.1240875E-4 7.293946E-4 7.745933E-4 0.0014275517 0.0014338973 
STYLE 0.0018248175 7.293946E-4 0.0015491867 7.1377587E-4 2.8677945E-4 
volumes 9.1240875E-4 7.293946E-4 7.745933E-4 7.1377587E-4 8.603384E-4 
handle 9.1240875E-4 0.0014587892 7.745933E-4 0.0014275517 2.8677945E-4 
IT 0.0027372262 7.293946E-4 7.745933E-4 7.1377587E-4 2.8677945E-4 
slowly 9.1240875E-4 7.293946E-4 7.745933E-4 7.1377587E-4 8.603384E-4 
heaven 9.1240875E-4 7.293946E-4 7.745933E-4 7.1377587E-4 5.735589E-4 
n_one 9.1240875E-4 7.293946E-4 7.745933E-4 7.1377587E-4 5.735589E-4 
sonata 9.1240875E-4 7.293946E-4 0.0015491867 7.1377587E-4 2.8677945E-4 
innovator 9.1240875E-4 7.293946E-4 7.745933E-4 7.1377587E-4 5.735589E-4 
cords 9.1240875E-4 7.293946E-4 7.745933E-4 7.1377587E-4 5.735589E-4 
leadwhat 9.1240875E-4 0.0014587892 7.745933E-4 7.1377587E-4 2.8677945E-4 
million 9.1240875E-4 0.0014587892 7.745933E-4 7.1377587E-4 2.8677945E-4 
install 0.0018248175 7.293946E-4 7.745933E-4 7.1377587E-4 2.8677945E-4 
strongly 9.1240875E-4 0.0014587892 7.745933E-4 7.1377587E-4 2.8677945E-4 
fundamentals 9.1240875E-4 7.293946E-4 7.745933E-4 7.1377587E-4 5.735589E-4 
gun 9.1240875E-4 7.293946E-4 7.745933E-4 7.1377587E-4 5.735589E-4 
n_play 9.1240875E-4 7.293946E-4 7.745933E-4 7.1377587E-4 8.603384E-4 
JP 9.1240875E-4 7.293946E-4 7.745933E-4 0.0021413276 2.8677945E-4 
gut 9.1240875E-4 7.293946E-4 7.745933E-4 7.1377587E-4 2.8677945E-4 
save 0.0018248175 7.293946E-4 7.745933E-4 7.1377587E-4 5.735589E-4 
musicianship 9.1240875E-4 7.293946E-4 7.745933E-4 7.1377587E-4 8.603384E-4 
turnaround 9.1240875E-4 7.293946E-4 7.745933E-4 0.0014275517 5.735589E-4 
booklet 9.1240875E-4 7.293946E-4 0.0015491867 7.1377587E-4 5.735589E-4 
guy 9.1240875E-4 0.0014587892 0.0015491867 7.1377587E-4 2.8677945E-4 
matter 9.1240875E-4 7.293946E-4 7.745933E-4 7.1377587E-4 8.603384E-4 
instant 9.1240875E-4 7.293946E-4 7.745933E-4 7.1377587E-4 5.735589E-4 
disgusted 0.0018248175 7.293946E-4 7.745933E-4 7.1377587E-4 2.8677945E-4 
top 9.1240875E-4 7.293946E-4 7.745933E-4 7.1377587E-4 2.8677945E-4 
listens 9.1240875E-4 7.293946E-4 7.745933E-4 7.1377587E-4 5.735589E-4 
era 9.1240875E-4 7.293946E-4 7.745933E-4 7.1377587E-4 8.603384E-4 
kinda 9.1240875E-4 0.0014587892 7.745933E-4 7.1377587E-4 2.8677945E-4 
unforgiving 9.1240875E-4 7.293946E-4 7.745933E-4 0.0014275517 2.8677945E-4 
pgs 9.1240875E-4 7.293946E-4 0.0015491867 7.1377587E-4 2.8677945E-4 
harmonic 9.1240875E-4 7.293946E-4 7.745933E-4 7.1377587E-4 5.735589E-4 
gilbert 9.1240875E-4 7.293946E-4 7.745933E-4 0.0021413276 0.0025810152 
product 9.1240875E-4 7.293946E-4 0.0015491867 7.1377587E-4 8.603384E-4 
n_give 9.1240875E-4 0.0014587892 7.745933E-4 0.0014275517 2.8677945E-4 
additions 9.1240875E-4 7.293946E-4 7.745933E-4 7.1377587E-4 5.735589E-4 
willie 9.1240875E-4 7.293946E-4 7.745933E-4 7.1377587E-4 5.735589E-4 
bought 9.1240875E-4 0.0029175784 0.0015491867 7.1377587E-4 0.0020074563 
lover 9.1240875E-4 7.293946E-4 7.745933E-4 7.1377587E-4 5.735589E-4 
loves 9.1240875E-4 7.293946E-4 7.745933E-4 7.1377587E-4 5.735589E-4 
litte 9.1240875E-4 7.293946E-4 7.745933E-4 7.1377587E-4 5.735589E-4 
intricatedifficult 9.1240875E-4 0.0014587892 7.745933E-4 7.1377587E-4 2.8677945E-4 
opportunities 9.1240875E-4 7.293946E-4 0.0015491867 7.1377587E-4 2.8677945E-4 
ferneyhough 9.1240875E-4 7.293946E-4 7.745933E-4 7.1377587E-4 8.603384E-4 
anywaydavid 9.1240875E-4 7.293946E-4 7.745933E-4 0.0014275517 2.8677945E-4 
names 9.1240875E-4 7.293946E-4 7.745933E-4 0.0014275517 2.8677945E-4 
movement 9.1240875E-4 7.293946E-4 0.0015491867 7.1377587E-4 5.735589E-4 
n_match 9.1240875E-4 7.293946E-4 0.0015491867 7.1377587E-4 2.8677945E-4 
minor 9.1240875E-4 0.0014587892 0.00232378 0.0014275517 0.0014338973 
cos 9.1240875E-4 7.293946E-4 7.745933E-4 7.1377587E-4 2.8677945E-4 
n_be 9.1240875E-4 7.293946E-4 7.745933E-4 7.1377587E-4 5.735589E-4 
chops 9.1240875E-4 7.293946E-4 7.745933E-4 7.1377587E-4 8.603384E-4 
tempo 9.1240875E-4 0.0014587892 0.0015491867 7.1377587E-4 2.8677945E-4 
screen 9.1240875E-4 7.293946E-4 0.0015491867 7.1377587E-4 5.735589E-4 
cow 9.1240875E-4 7.293946E-4 7.745933E-4 0.0014275517 2.8677945E-4 
employed 9.1240875E-4 7.293946E-4 7.745933E-4 7.1377587E-4 5.735589E-4 
glean 9.1240875E-4 7.293946E-4 7.745933E-4 7.1377587E-4 5.735589E-4 
biggest 9.1240875E-4 7.293946E-4 0.0015491867 7.1377587E-4 2.8677945E-4 
earlier 9.1240875E-4 7.293946E-4 7.745933E-4 7.1377587E-4 5.735589E-4 
RETURNED 0.0018248175 7.293946E-4 7.745933E-4 7.1377587E-4 2.8677945E-4 
metronome 9.1240875E-4 7.293946E-4 0.00232378 7.1377587E-4 8.603384E-4 
mslevine 9.1240875E-4 7.293946E-4 7.745933E-4 7.1377587E-4 5.735589E-4 
techniqueswith 9.1240875E-4 7.293946E-4 7.745933E-4 7.1377587E-4 5.735589E-4 
intense 9.1240875E-4 7.293946E-4 7.745933E-4 7.1377587E-4 0.0017206768 
frontiers 9.1240875E-4 7.293946E-4 7.745933E-4 7.1377587E-4 5.735589E-4 
terror 9.1240875E-4 7.293946E-4 7.745933E-4 7.1377587E-4 2.8677945E-4 
including 9.1240875E-4 7.293946E-4 7.745933E-4 7.1377587E-4 0.0011471178 
read 9.1240875E-4 7.293946E-4 0.0015491867 7.1377587E-4 8.603384E-4 
lay 9.1240875E-4 7.293946E-4 7.745933E-4 7.1377587E-4 5.735589E-4 
n_more 9.1240875E-4 7.293946E-4 7.745933E-4 7.1377587E-4 5.735589E-4 
introducing 9.1240875E-4 7.293946E-4 7.745933E-4 7.1377587E-4 5.735589E-4 
acoustic 9.1240875E-4 7.293946E-4 7.745933E-4 7.1377587E-4 0.0022942356 
coleccioacuten 9.1240875E-4 7.293946E-4 7.745933E-4 7.1377587E-4 5.735589E-4 
pardon 9.1240875E-4 7.293946E-4 7.745933E-4 7.1377587E-4 2.8677945E-4 
plenty 9.1240875E-4 7.293946E-4 7.745933E-4 0.0014275517 0.0011471178 
positions 9.1240875E-4 7.293946E-4 7.745933E-4 7.1377587E-4 8.603384E-4 
real 9.1240875E-4 7.293946E-4 0.0015491867 0.0021413276 0.0011471178 
munich 9.1240875E-4 7.293946E-4 7.745933E-4 7.1377587E-4 5.735589E-4 
HIGHLY 9.1240875E-4 7.293946E-4 7.745933E-4 7.1377587E-4 5.735589E-4 
timesthis 9.1240875E-4 7.293946E-4 7.745933E-4 7.1377587E-4 5.735589E-4 
n_done 9.1240875E-4 7.293946E-4 7.745933E-4 7.1377587E-4 5.735589E-4 
pleasures 9.1240875E-4 7.293946E-4 7.745933E-4 7.1377587E-4 5.735589E-4 
racer 9.1240875E-4 7.293946E-4 7.745933E-4 7.1377587E-4 8.603384E-4 
improve 9.1240875E-4 7.293946E-4 0.00232378 7.1377587E-4 8.603384E-4 
n_enjoy 9.1240875E-4 7.293946E-4 7.745933E-4 0.0014275517 2.8677945E-4 
scales 9.1240875E-4 7.293946E-4 7.745933E-4 7.1377587E-4 0.0031545742 
filigreed 9.1240875E-4 7.293946E-4 7.745933E-4 7.1377587E-4 5.735589E-4 
naming 9.1240875E-4 7.293946E-4 7.745933E-4 0.0014275517 2.8677945E-4 
basic 9.1240875E-4 0.0021881838 0.0015491867 0.0021413276 8.603384E-4 
emanate 9.1240875E-4 7.293946E-4 7.745933E-4 7.1377587E-4 5.735589E-4 
entertaining 9.1240875E-4 7.293946E-4 7.745933E-4 0.0014275517 2.8677945E-4 
locate 9.1240875E-4 7.293946E-4 7.745933E-4 7.1377587E-4 5.735589E-4 
verdi 9.1240875E-4 7.293946E-4 7.745933E-4 7.1377587E-4 5.735589E-4 
technique 9.1240875E-4 7.293946E-4 7.745933E-4 7.1377587E-4 0.0040149125 
weckl 9.1240875E-4 7.293946E-4 7.745933E-4 0.0014275517 2.8677945E-4 
times 9.1240875E-4 0.0021881838 0.0015491867 7.1377587E-4 5.735589E-4 
teaches 9.1240875E-4 7.293946E-4 0.0015491867 7.1377587E-4 8.603384E-4 
teacher 9.1240875E-4 0.0014587892 7.745933E-4 0.0014275517 0.0037281332 
wellthese 9.1240875E-4 7.293946E-4 7.745933E-4 7.1377587E-4 5.735589E-4 
SRV 9.1240875E-4 7.293946E-4 7.745933E-4 7.1377587E-4 5.735589E-4 
today 9.1240875E-4 7.293946E-4 7.745933E-4 7.1377587E-4 0.0017206768 
busy 9.1240875E-4 7.293946E-4 7.745933E-4 7.1377587E-4 5.735589E-4 
design 9.1240875E-4 7.293946E-4 0.0015491867 7.1377587E-4 2.8677945E-4 
working 9.1240875E-4 7.293946E-4 7.745933E-4 0.0014275517 0.0014338973 
construction 9.1240875E-4 7.293946E-4 7.745933E-4 7.1377587E-4 8.603384E-4 
cadre 9.1240875E-4 7.293946E-4 7.745933E-4 7.1377587E-4 5.735589E-4 
lane 9.1240875E-4 7.293946E-4 7.745933E-4 7.1377587E-4 5.735589E-4 
knowledgable 9.1240875E-4 7.293946E-4 0.0015491867 7.1377587E-4 2.8677945E-4 
tunes 0.0018248175 7.293946E-4 7.745933E-4 7.1377587E-4 8.603384E-4 
comments 9.1240875E-4 7.293946E-4 7.745933E-4 7.1377587E-4 5.735589E-4 
performing 9.1240875E-4 7.293946E-4 7.745933E-4 7.1377587E-4 5.735589E-4 
italian 9.1240875E-4 7.293946E-4 7.745933E-4 7.1377587E-4 5.735589E-4 
vigour 9.1240875E-4 7.293946E-4 7.745933E-4 7.1377587E-4 5.735589E-4 
dexterity 9.1240875E-4 7.293946E-4 7.745933E-4 7.1377587E-4 5.735589E-4 
leonard 0.0018248175 7.293946E-4 7.745933E-4 7.1377587E-4 0.0011471178 
skillthrough 9.1240875E-4 7.293946E-4 7.745933E-4 7.1377587E-4 5.735589E-4 
DVD 0.0027372262 0.0065645515 0.00232378 0.0028551035 0.015199312 
PG 9.1240875E-4 7.293946E-4 7.745933E-4 7.1377587E-4 2.8677945E-4 
chord 9.1240875E-4 0.0021881838 7.745933E-4 7.1377587E-4 8.603384E-4 
reunion 9.1240875E-4 7.293946E-4 7.745933E-4 7.1377587E-4 5.735589E-4 
fantastic 9.1240875E-4 7.293946E-4 7.745933E-4 7.1377587E-4 0.0011471178 
kotzen 9.1240875E-4 7.293946E-4 7.745933E-4 7.1377587E-4 5.735589E-4 
interested 9.1240875E-4 7.293946E-4 7.745933E-4 7.1377587E-4 0.0014338973 
wall 9.1240875E-4 7.293946E-4 7.745933E-4 0.0014275517 2.8677945E-4 
reason 9.1240875E-4 7.293946E-4 7.745933E-4 0.0014275517 5.735589E-4 
caught 9.1240875E-4 7.293946E-4 7.745933E-4 7.1377587E-4 2.8677945E-4 
thought 9.1240875E-4 7.293946E-4 0.0015491867 7.1377587E-4 5.735589E-4 
concert 0.0018248175 7.293946E-4 7.745933E-4 7.1377587E-4 0.0017206768 
scaleone 9.1240875E-4 7.293946E-4 7.745933E-4 7.1377587E-4 5.735589E-4 
johnson 9.1240875E-4 7.293946E-4 7.745933E-4 7.1377587E-4 8.603384E-4 
professional 9.1240875E-4 7.293946E-4 7.745933E-4 7.1377587E-4 8.603384E-4 
skills 9.1240875E-4 0.0014587892 7.745933E-4 7.1377587E-4 8.603384E-4 
decided 9.1240875E-4 7.293946E-4 0.00232378 7.1377587E-4 2.8677945E-4 
jam 9.1240875E-4 7.293946E-4 7.745933E-4 7.1377587E-4 8.603384E-4 
builds 9.1240875E-4 7.293946E-4 7.745933E-4 7.1377587E-4 2.8677945E-4 
repertoire 9.1240875E-4 7.293946E-4 0.0015491867 7.1377587E-4 2.8677945E-4 
state 9.1240875E-4 7.293946E-4 7.745933E-4 7.1377587E-4 5.735589E-4 
dough 9.1240875E-4 7.293946E-4 7.745933E-4 7.1377587E-4 8.603384E-4 
portions 0.0018248175 7.293946E-4 7.745933E-4 7.1377587E-4 2.8677945E-4 
CDDVD 9.1240875E-4 7.293946E-4 7.745933E-4 7.1377587E-4 8.603384E-4 
INSTRUCTION 0.0018248175 7.293946E-4 7.745933E-4 7.1377587E-4 2.8677945E-4 
songsthe 9.1240875E-4 7.293946E-4 7.745933E-4 7.1377587E-4 5.735589E-4 
tuning 9.1240875E-4 7.293946E-4 7.745933E-4 0.0021413276 2.8677945E-4 
arpeggios 9.1240875E-4 0.0014587892 7.745933E-4 7.1377587E-4 8.603384E-4 
began 9.1240875E-4 7.293946E-4 7.745933E-4 7.1377587E-4 5.735589E-4 
want 9.1240875E-4 7.293946E-4 7.745933E-4 7.1377587E-4 0.0020074563 
expected 9.1240875E-4 0.0014587892 7.745933E-4 7.1377587E-4 2.8677945E-4 
pace 9.1240875E-4 7.293946E-4 7.745933E-4 7.1377587E-4 8.603384E-4 
bueno 9.1240875E-4 7.293946E-4 7.745933E-4 7.1377587E-4 5.735589E-4 
drummers 9.1240875E-4 7.293946E-4 7.745933E-4 0.0035688793 8.603384E-4 
courtesy 0.0018248175 7.293946E-4 7.745933E-4 7.1377587E-4 2.8677945E-4 
recognize 9.1240875E-4 7.293946E-4 7.745933E-4 0.0014275517 2.8677945E-4 
n_received 0.0018248175 7.293946E-4 7.745933E-4 7.1377587E-4 2.8677945E-4 
labels 9.1240875E-4 7.293946E-4 7.745933E-4 0.0014275517 2.8677945E-4 
thatthe 9.1240875E-4 7.293946E-4 7.745933E-4 7.1377587E-4 5.735589E-4 
slow 9.1240875E-4 0.0014587892 0.0015491867 7.1377587E-4 0.0011471178 
difference 9.1240875E-4 0.0014587892 7.745933E-4 7.1377587E-4 2.8677945E-4 
styles 9.1240875E-4 7.293946E-4 7.745933E-4 7.1377587E-4 5.735589E-4 
n_make 9.1240875E-4 7.293946E-4 7.745933E-4 7.1377587E-4 5.735589E-4 
eddie 9.1240875E-4 7.293946E-4 7.745933E-4 7.1377587E-4 8.603384E-4 
thirty 9.1240875E-4 7.293946E-4 7.745933E-4 7.1377587E-4 2.8677945E-4 
sweeping 9.1240875E-4 7.293946E-4 7.745933E-4 7.1377587E-4 2.8677945E-4 
n_hear 9.1240875E-4 7.293946E-4 7.745933E-4 7.1377587E-4 5.735589E-4 
relapsing 9.1240875E-4 7.293946E-4 7.745933E-4 7.1377587E-4 5.735589E-4 
complexity 9.1240875E-4 7.293946E-4 7.745933E-4 7.1377587E-4 8.603384E-4 
perfectly 9.1240875E-4 7.293946E-4 7.745933E-4 7.1377587E-4 8.603384E-4 
n_issues 9.1240875E-4 7.293946E-4 7.745933E-4 7.1377587E-4 5.735589E-4 
entertainment 9.1240875E-4 7.293946E-4 7.745933E-4 7.1377587E-4 5.735589E-4 
goofy 9.1240875E-4 7.293946E-4 7.745933E-4 7.1377587E-4 5.735589E-4 
gradingageskill 9.1240875E-4 7.293946E-4 0.0015491867 7.1377587E-4 2.8677945E-4 
instructional 9.1240875E-4 0.0021881838 7.745933E-4 7.1377587E-4 0.0031545742 
recommend 9.1240875E-4 0.0014587892 0.0015491867 7.1377587E-4 0.0022942356 
musicianaida 9.1240875E-4 7.293946E-4 7.745933E-4 7.1377587E-4 5.735589E-4 
dollars 9.1240875E-4 7.293946E-4 7.745933E-4 7.1377587E-4 5.735589E-4 
giving 9.1240875E-4 7.293946E-4 7.745933E-4 7.1377587E-4 5.735589E-4 
facts 9.1240875E-4 7.293946E-4 7.745933E-4 7.1377587E-4 5.735589E-4 
childfriendly 9.1240875E-4 7.293946E-4 7.745933E-4 7.1377587E-4 5.735589E-4 
worth 9.1240875E-4 0.0021881838 0.0015491867 7.1377587E-4 0.0014338973 
moment 9.1240875E-4 7.293946E-4 7.745933E-4 0.0014275517 2.8677945E-4 
pop 9.1240875E-4 7.293946E-4 7.745933E-4 7.1377587E-4 5.735589E-4 
SD 9.1240875E-4 7.293946E-4 0.00232378 7.1377587E-4 2.8677945E-4 
found 9.1240875E-4 7.293946E-4 0.0015491867 0.0014275517 0.0017206768 
scenario 9.1240875E-4 7.293946E-4 7.745933E-4 7.1377587E-4 5.735589E-4 
builder 9.1240875E-4 7.293946E-4 7.745933E-4 7.1377587E-4 2.8677945E-4 
carin 9.1240875E-4 7.293946E-4 7.745933E-4 7.1377587E-4 5.735589E-4 
takes 0.0018248175 7.293946E-4 7.745933E-4 7.1377587E-4 5.735589E-4 
funny 9.1240875E-4 7.293946E-4 7.745933E-4 7.1377587E-4 2.8677945E-4 
situation 9.1240875E-4 7.293946E-4 7.745933E-4 7.1377587E-4 2.8677945E-4 
kids 9.1240875E-4 7.293946E-4 0.0015491867 7.1377587E-4 5.735589E-4 
latest 9.1240875E-4 7.293946E-4 7.745933E-4 7.1377587E-4 5.735589E-4 
ericclapton 9.1240875E-4 7.293946E-4 7.745933E-4 7.1377587E-4 5.735589E-4 
arduousness 9.1240875E-4 7.293946E-4 7.745933E-4 7.1377587E-4 8.603384E-4 
surplus 9.1240875E-4 7.293946E-4 7.745933E-4 7.1377587E-4 5.735589E-4 
noticed 9.1240875E-4 7.293946E-4 0.0015491867 7.1377587E-4 5.735589E-4 
n_go 9.1240875E-4 7.293946E-4 7.745933E-4 7.1377587E-4 2.8677945E-4 
giovanni 9.1240875E-4 7.293946E-4 7.745933E-4 7.1377587E-4 5.735589E-4 
stuffed 9.1240875E-4 7.293946E-4 7.745933E-4 7.1377587E-4 5.735589E-4 
haughty 9.1240875E-4 7.293946E-4 7.745933E-4 7.1377587E-4 2.8677945E-4 
watch 9.1240875E-4 7.293946E-4 0.00232378 0.0021413276 8.603384E-4 
pentatonic 9.1240875E-4 7.293946E-4 0.00232378 7.1377587E-4 8.603384E-4 
absolute 9.1240875E-4 7.293946E-4 7.745933E-4 7.1377587E-4 2.8677945E-4 
n_hit 9.1240875E-4 7.293946E-4 7.745933E-4 7.1377587E-4 5.735589E-4 
TO 0.0027372262 7.293946E-4 7.745933E-4 7.1377587E-4 2.8677945E-4 
thing 9.1240875E-4 0.0014587892 7.745933E-4 7.1377587E-4 0.0011471178 
feelings 9.1240875E-4 7.293946E-4 7.745933E-4 7.1377587E-4 5.735589E-4 
slides 9.1240875E-4 7.293946E-4 7.745933E-4 7.1377587E-4 5.735589E-4 
clips 9.1240875E-4 0.0021881838 0.0015491867 0.0014275517 2.8677945E-4 
jazz 9.1240875E-4 7.293946E-4 7.745933E-4 7.1377587E-4 8.603384E-4 
nocturnes 0.0018248175 7.293946E-4 7.745933E-4 7.1377587E-4 2.8677945E-4 
pulloffs 9.1240875E-4 0.0014587892 7.745933E-4 0.0014275517 2.8677945E-4 
n_seen 9.1240875E-4 7.293946E-4 7.745933E-4 7.1377587E-4 5.735589E-4 
run 9.1240875E-4 0.0014587892 0.0015491867 7.1377587E-4 2.8677945E-4 
n_subtitles 9.1240875E-4 7.293946E-4 7.745933E-4 7.1377587E-4 5.735589E-4 
patittucci 9.1240875E-4 7.293946E-4 7.745933E-4 0.0014275517 2.8677945E-4 
anymore 9.1240875E-4 7.293946E-4 7.745933E-4 7.1377587E-4 5.735589E-4 
someplace 9.1240875E-4 7.293946E-4 7.745933E-4 7.1377587E-4 5.735589E-4 
pharaoh 9.1240875E-4 7.293946E-4 7.745933E-4 7.1377587E-4 8.603384E-4 
intermed 9.1240875E-4 0.0014587892 7.745933E-4 7.1377587E-4 2.8677945E-4 
n_place 9.1240875E-4 7.293946E-4 7.745933E-4 7.1377587E-4 5.735589E-4 
mouse 9.1240875E-4 7.293946E-4 7.745933E-4 7.1377587E-4 0.0014338973 
hal 0.0018248175 7.293946E-4 7.745933E-4 7.1377587E-4 0.0011471178 
disappointed 9.1240875E-4 7.293946E-4 7.745933E-4 7.1377587E-4 2.8677945E-4 
white 9.1240875E-4 0.0014587892 7.745933E-4 7.1377587E-4 5.735589E-4 
differing 9.1240875E-4 7.293946E-4 7.745933E-4 7.1377587E-4 8.603384E-4 
school 9.1240875E-4 7.293946E-4 7.745933E-4 7.1377587E-4 2.8677945E-4 
things 9.1240875E-4 0.0014587892 7.745933E-4 7.1377587E-4 0.0017206768 
basically 9.1240875E-4 7.293946E-4 0.0015491867 7.1377587E-4 2.8677945E-4 
registers 9.1240875E-4 7.293946E-4 7.745933E-4 7.1377587E-4 5.735589E-4 
hat 9.1240875E-4 7.293946E-4 7.745933E-4 7.1377587E-4 8.603384E-4 
solfeggio 9.1240875E-4 7.293946E-4 7.745933E-4 7.1377587E-4 5.735589E-4 
helpful 9.1240875E-4 7.293946E-4 7.745933E-4 0.0014275517 0.0011471178 
starts 9.1240875E-4 0.0021881838 7.745933E-4 0.0014275517 5.735589E-4 
n_power 9.1240875E-4 7.293946E-4 7.745933E-4 7.1377587E-4 5.735589E-4 
dust 9.1240875E-4 7.293946E-4 0.0015491867 7.1377587E-4 2.8677945E-4 
n_know 9.1240875E-4 7.293946E-4 7.745933E-4 7.1377587E-4 8.603384E-4 
budget 9.1240875E-4 7.293946E-4 7.745933E-4 7.1377587E-4 5.735589E-4 
offers 9.1240875E-4 7.293946E-4 7.745933E-4 7.1377587E-4 0.0011471178 
fretboard 9.1240875E-4 7.293946E-4 7.745933E-4 7.1377587E-4 2.8677945E-4 
actual 9.1240875E-4 7.293946E-4 7.745933E-4 0.0014275517 2.8677945E-4 
strengthflexibilityindependence 9.1240875E-4 7.293946E-4 7.745933E-4 0.0014275517 2.8677945E-4 
n_say 9.1240875E-4 7.293946E-4 7.745933E-4 7.1377587E-4 5.735589E-4 
pronounced 9.1240875E-4 7.293946E-4 7.745933E-4 7.1377587E-4 5.735589E-4 
trapped 9.1240875E-4 7.293946E-4 7.745933E-4 7.1377587E-4 2.8677945E-4 
footage 0.0018248175 7.293946E-4 7.745933E-4 0.0035688793 8.603384E-4 
widely 9.1240875E-4 7.293946E-4 7.745933E-4 7.1377587E-4 5.735589E-4 
eric 9.1240875E-4 7.293946E-4 7.745933E-4 7.1377587E-4 0.0028677946 
doubt 9.1240875E-4 7.293946E-4 0.0015491867 7.1377587E-4 5.735589E-4 
develop 9.1240875E-4 7.293946E-4 7.745933E-4 7.1377587E-4 2.8677945E-4 
pro 9.1240875E-4 7.293946E-4 7.745933E-4 0.0014275517 5.735589E-4 
audiance 9.1240875E-4 7.293946E-4 7.745933E-4 7.1377587E-4 5.735589E-4 
watched 9.1240875E-4 7.293946E-4 0.00232378 7.1377587E-4 2.8677945E-4 
improving 9.1240875E-4 7.293946E-4 7.745933E-4 7.1377587E-4 8.603384E-4 
involved 9.1240875E-4 7.293946E-4 7.745933E-4 7.1377587E-4 5.735589E-4 
n_doubt 9.1240875E-4 7.293946E-4 0.0015491867 7.1377587E-4 5.735589E-4 
leads 9.1240875E-4 7.293946E-4 0.0015491867 7.1377587E-4 2.8677945E-4 
tablaturewhat 9.1240875E-4 7.293946E-4 7.745933E-4 7.1377587E-4 5.735589E-4 
NAMM 9.1240875E-4 7.293946E-4 7.745933E-4 7.1377587E-4 2.8677945E-4 
carefull 9.1240875E-4 0.0014587892 7.745933E-4 7.1377587E-4 2.8677945E-4 
playing 0.0018248175 0.0029175784 0.0015491867 0.004282655 0.01061084 
assume 9.1240875E-4 7.293946E-4 7.745933E-4 0.0014275517 2.8677945E-4 
updated 9.1240875E-4 7.293946E-4 7.745933E-4 0.0014275517 2.8677945E-4 
full 0.0018248175 7.293946E-4 7.745933E-4 7.1377587E-4 8.603384E-4 
megaspeed 9.1240875E-4 7.293946E-4 7.745933E-4 7.1377587E-4 5.735589E-4 
grooves 9.1240875E-4 7.293946E-4 7.745933E-4 7.1377587E-4 8.603384E-4 
string 9.1240875E-4 0.0021881838 7.745933E-4 0.0021413276 0.0014338973 
book 9.1240875E-4 0.0029175784 7.745933E-4 0.0021413276 0.0040149125 
concept 9.1240875E-4 7.293946E-4 7.745933E-4 7.1377587E-4 5.735589E-4 
motivation 9.1240875E-4 7.293946E-4 7.745933E-4 7.1377587E-4 5.735589E-4 
show 0.0027372262 0.0014587892 7.745933E-4 7.1377587E-4 0.0011471178 
aspects 9.1240875E-4 7.293946E-4 7.745933E-4 7.1377587E-4 5.735589E-4 
edition 9.1240875E-4 7.293946E-4 7.745933E-4 7.1377587E-4 8.603384E-4 
description 9.1240875E-4 0.0021881838 7.745933E-4 7.1377587E-4 2.8677945E-4 
effort 9.1240875E-4 0.0014587892 7.745933E-4 7.1377587E-4 2.8677945E-4 
video 0.0018248175 0.0051057623 0.010844307 0.0035688793 0.0051620305 
house 9.1240875E-4 7.293946E-4 7.745933E-4 7.1377587E-4 5.735589E-4 
leftovers 9.1240875E-4 7.293946E-4 7.745933E-4 7.1377587E-4 5.735589E-4 
usable 9.1240875E-4 7.293946E-4 7.745933E-4 7.1377587E-4 8.603384E-4 
radames 9.1240875E-4 7.293946E-4 7.745933E-4 7.1377587E-4 8.603384E-4 
feetgoodbye 9.1240875E-4 7.293946E-4 7.745933E-4 7.1377587E-4 5.735589E-4 
documenting 9.1240875E-4 7.293946E-4 0.0015491867 7.1377587E-4 2.8677945E-4 
ends 9.1240875E-4 0.0014587892 7.745933E-4 7.1377587E-4 2.8677945E-4 
overcame 9.1240875E-4 7.293946E-4 7.745933E-4 7.1377587E-4 5.735589E-4 
offerings 9.1240875E-4 7.293946E-4 7.745933E-4 7.1377587E-4 5.735589E-4 
early 9.1240875E-4 0.0021881838 7.745933E-4 7.1377587E-4 0.0014338973 
hours 0.0018248175 7.293946E-4 7.745933E-4 7.1377587E-4 5.735589E-4 
toys 9.1240875E-4 7.293946E-4 0.0015491867 7.1377587E-4 5.735589E-4 
breaks 9.1240875E-4 7.293946E-4 7.745933E-4 7.1377587E-4 8.603384E-4 
learned 9.1240875E-4 7.293946E-4 7.745933E-4 0.0014275517 0.0011471178 
yes 9.1240875E-4 7.293946E-4 7.745933E-4 7.1377587E-4 2.8677945E-4 
start 9.1240875E-4 7.293946E-4 0.0015491867 0.0014275517 0.0014338973 
purchase 9.1240875E-4 7.293946E-4 0.0015491867 7.1377587E-4 0.0011471178 
cairo 9.1240875E-4 7.293946E-4 7.745933E-4 7.1377587E-4 5.735589E-4 
GCD 9.1240875E-4 7.293946E-4 7.745933E-4 7.1377587E-4 5.735589E-4 
stars 9.1240875E-4 7.293946E-4 0.0015491867 7.1377587E-4 8.603384E-4 
advised 9.1240875E-4 7.293946E-4 7.745933E-4 7.1377587E-4 5.735589E-4 
pair 9.1240875E-4 7.293946E-4 7.745933E-4 7.1377587E-4 2.8677945E-4 
versed 9.1240875E-4 7.293946E-4 7.745933E-4 7.1377587E-4 5.735589E-4 
succored 9.1240875E-4 7.293946E-4 7.745933E-4 7.1377587E-4 5.735589E-4 
clarity 9.1240875E-4 7.293946E-4 7.745933E-4 0.0014275517 5.735589E-4 
segmentstoo 9.1240875E-4 7.293946E-4 7.745933E-4 0.0014275517 2.8677945E-4 
delightful 9.1240875E-4 7.293946E-4 7.745933E-4 7.1377587E-4 5.735589E-4 
typical 9.1240875E-4 7.293946E-4 7.745933E-4 7.1377587E-4 5.735589E-4 
paid 9.1240875E-4 7.293946E-4 7.745933E-4 7.1377587E-4 2.8677945E-4 
initially 9.1240875E-4 7.293946E-4 7.745933E-4 7.1377587E-4 5.735589E-4 
short 9.1240875E-4 7.293946E-4 7.745933E-4 7.1377587E-4 5.735589E-4 
funky 9.1240875E-4 7.293946E-4 7.745933E-4 7.1377587E-4 5.735589E-4 
time 9.1240875E-4 0.0029175784 0.0015491867 0.006423983 0.0028677946 
applications 9.1240875E-4 7.293946E-4 7.745933E-4 7.1377587E-4 5.735589E-4 
n_teach 9.1240875E-4 7.293946E-4 0.0015491867 7.1377587E-4 2.8677945E-4 
play 0.0018248175 0.003646973 0.0038729666 7.1377587E-4 0.006882707 
tampa 9.1240875E-4 7.293946E-4 7.745933E-4 7.1377587E-4 5.735589E-4 
tipo 9.1240875E-4 7.293946E-4 7.745933E-4 7.1377587E-4 5.735589E-4 
n_nt 9.1240875E-4 0.0014587892 7.745933E-4 7.1377587E-4 8.603384E-4 
boduch 9.1240875E-4 0.0014587892 7.745933E-4 7.1377587E-4 8.603384E-4 
dvdit 9.1240875E-4 7.293946E-4 7.745933E-4 7.1377587E-4 5.735589E-4 
roarrating 9.1240875E-4 7.293946E-4 7.745933E-4 7.1377587E-4 5.735589E-4 
happy 9.1240875E-4 7.293946E-4 0.0015491867 7.1377587E-4 0.0022942356 
quickly 9.1240875E-4 0.0014587892 7.745933E-4 0.0014275517 0.0014338973 
paly 9.1240875E-4 7.293946E-4 7.745933E-4 0.0014275517 2.8677945E-4 
program 9.1240875E-4 7.293946E-4 7.745933E-4 7.1377587E-4 5.735589E-4 
tips 9.1240875E-4 7.293946E-4 7.745933E-4 7.1377587E-4 8.603384E-4 
put 9.1240875E-4 7.293946E-4 7.745933E-4 7.1377587E-4 8.603384E-4 
proficiency 9.1240875E-4 7.293946E-4 7.745933E-4 7.1377587E-4 8.603384E-4 
axe 9.1240875E-4 7.293946E-4 7.745933E-4 0.0014275517 5.735589E-4 
PLAY 0.0018248175 7.293946E-4 7.745933E-4 7.1377587E-4 2.8677945E-4 
piano 9.1240875E-4 7.293946E-4 7.745933E-4 7.1377587E-4 0.0014338973 
fan 9.1240875E-4 7.293946E-4 7.745933E-4 7.1377587E-4 8.603384E-4 
premise 9.1240875E-4 7.293946E-4 7.745933E-4 7.1377587E-4 5.735589E-4 
options 9.1240875E-4 7.293946E-4 0.0015491867 7.1377587E-4 2.8677945E-4 
circus 9.1240875E-4 7.293946E-4 7.745933E-4 7.1377587E-4 5.735589E-4 
allotted 9.1240875E-4 7.293946E-4 7.745933E-4 0.0014275517 2.8677945E-4 
struggle 9.1240875E-4 7.293946E-4 7.745933E-4 7.1377587E-4 5.735589E-4 
dispelling 9.1240875E-4 7.293946E-4 7.745933E-4 7.1377587E-4 5.735589E-4 
generation 9.1240875E-4 7.293946E-4 7.745933E-4 7.1377587E-4 8.603384E-4 
give 9.1240875E-4 0.0014587892 0.0030983733 0.0028551035 2.8677945E-4 
item 9.1240875E-4 7.293946E-4 7.745933E-4 7.1377587E-4 8.603384E-4 
partthe 9.1240875E-4 7.293946E-4 7.745933E-4 7.1377587E-4 5.735589E-4 
sessions 9.1240875E-4 7.293946E-4 7.745933E-4 7.1377587E-4 2.8677945E-4 
someunable 0.0018248175 7.293946E-4 7.745933E-4 7.1377587E-4 2.8677945E-4 
convincing 9.1240875E-4 7.293946E-4 7.745933E-4 7.1377587E-4 5.735589E-4 
players 9.1240875E-4 0.0014587892 7.745933E-4 7.1377587E-4 0.0014338973 
double 9.1240875E-4 7.293946E-4 7.745933E-4 7.1377587E-4 8.603384E-4 
lesson 0.0018248175 7.293946E-4 7.745933E-4 0.0021413276 8.603384E-4 
pianokeyboard 9.1240875E-4 7.293946E-4 7.745933E-4 7.1377587E-4 5.735589E-4 
geeky 9.1240875E-4 7.293946E-4 7.745933E-4 7.1377587E-4 2.8677945E-4 
analog 9.1240875E-4 7.293946E-4 7.745933E-4 0.0014275517 2.8677945E-4 
light 9.1240875E-4 7.293946E-4 7.745933E-4 7.1377587E-4 8.603384E-4 
tiny 9.1240875E-4 7.293946E-4 7.745933E-4 7.1377587E-4 5.735589E-4 
GET 9.1240875E-4 7.293946E-4 7.745933E-4 7.1377587E-4 2.8677945E-4 
n_see 9.1240875E-4 7.293946E-4 7.745933E-4 7.1377587E-4 5.735589E-4 
style 9.1240875E-4 7.293946E-4 7.745933E-4 7.1377587E-4 0.0017206768 
n_me 9.1240875E-4 7.293946E-4 7.745933E-4 0.0014275517 2.8677945E-4 
valuable 9.1240875E-4 7.293946E-4 0.0015491867 7.1377587E-4 2.8677945E-4 
glissandi 9.1240875E-4 7.293946E-4 7.745933E-4 7.1377587E-4 5.735589E-4 
masterful 9.1240875E-4 7.293946E-4 7.745933E-4 0.0014275517 2.8677945E-4 
artist 9.1240875E-4 7.293946E-4 7.745933E-4 7.1377587E-4 0.0011471178 
tabs 9.1240875E-4 7.293946E-4 0.0015491867 7.1377587E-4 8.603384E-4 
exercise 9.1240875E-4 7.293946E-4 7.745933E-4 7.1377587E-4 2.8677945E-4 
teaching 9.1240875E-4 7.293946E-4 0.0015491867 7.1377587E-4 5.735589E-4 
dome 9.1240875E-4 0.0014587892 7.745933E-4 7.1377587E-4 2.8677945E-4 
smart 9.1240875E-4 7.293946E-4 7.745933E-4 7.1377587E-4 5.735589E-4 
lot 9.1240875E-4 0.0021881838 0.00232378 0.0021413276 0.0017206768 
fuse 9.1240875E-4 7.293946E-4 7.745933E-4 7.1377587E-4 5.735589E-4 
klangfarben 9.1240875E-4 7.293946E-4 7.745933E-4 7.1377587E-4 5.735589E-4 
ways 9.1240875E-4 7.293946E-4 7.745933E-4 7.1377587E-4 5.735589E-4 
premium 9.1240875E-4 7.293946E-4 7.745933E-4 7.1377587E-4 2.8677945E-4 
low 9.1240875E-4 7.293946E-4 7.745933E-4 7.1377587E-4 8.603384E-4 
web 9.1240875E-4 7.293946E-4 0.00232378 7.1377587E-4 2.8677945E-4 
distinguishable 9.1240875E-4 7.293946E-4 7.745933E-4 7.1377587E-4 5.735589E-4 
meant 9.1240875E-4 7.293946E-4 7.745933E-4 7.1377587E-4 2.8677945E-4 
editor 9.1240875E-4 7.293946E-4 7.745933E-4 7.1377587E-4 5.735589E-4 
performer 9.1240875E-4 7.293946E-4 7.745933E-4 7.1377587E-4 8.603384E-4 
desire 9.1240875E-4 7.293946E-4 0.0015491867 7.1377587E-4 2.8677945E-4 
classics 9.1240875E-4 7.293946E-4 7.745933E-4 7.1377587E-4 5.735589E-4 
initial 9.1240875E-4 7.293946E-4 7.745933E-4 0.0014275517 2.8677945E-4 
rudimentary 9.1240875E-4 7.293946E-4 0.0015491867 7.1377587E-4 2.8677945E-4 
OWN 9.1240875E-4 7.293946E-4 7.745933E-4 7.1377587E-4 5.735589E-4 
urtext 9.1240875E-4 7.293946E-4 7.745933E-4 7.1377587E-4 5.735589E-4 
vivaldi 9.1240875E-4 7.293946E-4 7.745933E-4 7.1377587E-4 5.735589E-4 
showthe 9.1240875E-4 7.293946E-4 7.745933E-4 7.1377587E-4 5.735589E-4 
great 9.1240875E-4 7.293946E-4 0.0030983733 0.0021413276 0.0065959278 
performed 9.1240875E-4 7.293946E-4 7.745933E-4 7.1377587E-4 0.0011471178 
wrong 9.1240875E-4 7.293946E-4 0.0015491867 7.1377587E-4 5.735589E-4 
causality 9.1240875E-4 7.293946E-4 7.745933E-4 7.1377587E-4 5.735589E-4 
TAB 9.1240875E-4 0.0014587892 7.745933E-4 0.0014275517 2.8677945E-4 
songs 0.003649635 0.003646973 0.00232378 7.1377587E-4 0.00544881 
fellow 9.1240875E-4 7.293946E-4 7.745933E-4 7.1377587E-4 5.735589E-4 
organized 9.1240875E-4 7.293946E-4 7.745933E-4 7.1377587E-4 5.735589E-4 
starsthumbs 9.1240875E-4 7.293946E-4 7.745933E-4 7.1377587E-4 5.735589E-4 
summarize 9.1240875E-4 7.293946E-4 7.745933E-4 7.1377587E-4 5.735589E-4 
certain 9.1240875E-4 7.293946E-4 7.745933E-4 0.0014275517 8.603384E-4 
alot 9.1240875E-4 7.293946E-4 7.745933E-4 7.1377587E-4 5.735589E-4 
stuff 9.1240875E-4 7.293946E-4 7.745933E-4 0.0014275517 8.603384E-4 
small 9.1240875E-4 7.293946E-4 0.0015491867 7.1377587E-4 2.8677945E-4 
door 9.1240875E-4 7.293946E-4 7.745933E-4 7.1377587E-4 2.8677945E-4 
quick 9.1240875E-4 7.293946E-4 0.0015491867 7.1377587E-4 2.8677945E-4 
suprize 9.1240875E-4 7.293946E-4 7.745933E-4 7.1377587E-4 5.735589E-4 
itracing 9.1240875E-4 7.293946E-4 7.745933E-4 7.1377587E-4 5.735589E-4 
possession 9.1240875E-4 7.293946E-4 7.745933E-4 7.1377587E-4 5.735589E-4 
simple 9.1240875E-4 7.293946E-4 0.0015491867 7.1377587E-4 0.0017206768 
section 9.1240875E-4 7.293946E-4 0.0015491867 7.1377587E-4 0.0020074563 
husband 9.1240875E-4 7.293946E-4 7.745933E-4 0.0014275517 2.8677945E-4 
experience 9.1240875E-4 7.293946E-4 7.745933E-4 0.0014275517 0.0017206768 
listen 9.1240875E-4 7.293946E-4 7.745933E-4 0.0021413276 0.0011471178 
assumptions 9.1240875E-4 7.293946E-4 7.745933E-4 7.1377587E-4 5.735589E-4 
unplugged 9.1240875E-4 7.293946E-4 7.745933E-4 7.1377587E-4 8.603384E-4 
hit 9.1240875E-4 7.293946E-4 7.745933E-4 0.0014275517 8.603384E-4 
shows 0.0018248175 7.293946E-4 0.00232378 7.1377587E-4 0.0025810152 
commander 9.1240875E-4 7.293946E-4 7.745933E-4 7.1377587E-4 5.735589E-4 
major 9.1240875E-4 0.0014587892 7.745933E-4 7.1377587E-4 8.603384E-4 
shown 9.1240875E-4 7.293946E-4 7.745933E-4 7.1377587E-4 5.735589E-4 
presented 9.1240875E-4 7.293946E-4 7.745933E-4 0.0021413276 8.603384E-4 
n_able 9.1240875E-4 0.0014587892 7.745933E-4 7.1377587E-4 5.735589E-4 
beat 9.1240875E-4 7.293946E-4 7.745933E-4 7.1377587E-4 8.603384E-4 
bear 9.1240875E-4 7.293946E-4 7.745933E-4 7.1377587E-4 0.0011471178 
unassuming 9.1240875E-4 7.293946E-4 7.745933E-4 7.1377587E-4 5.735589E-4 
halen 9.1240875E-4 7.293946E-4 7.745933E-4 7.1377587E-4 5.735589E-4 
n_comfortable 9.1240875E-4 7.293946E-4 7.745933E-4 0.0014275517 2.8677945E-4 
n_quite 9.1240875E-4 7.293946E-4 7.745933E-4 7.1377587E-4 5.735589E-4 
day 9.1240875E-4 0.0021881838 7.745933E-4 7.1377587E-4 8.603384E-4 
potential 9.1240875E-4 7.293946E-4 7.745933E-4 7.1377587E-4 5.735589E-4 
group 9.1240875E-4 7.293946E-4 0.0015491867 7.1377587E-4 5.735589E-4 
awaited 9.1240875E-4 7.293946E-4 7.745933E-4 7.1377587E-4 5.735589E-4 
violin 9.1240875E-4 7.293946E-4 7.745933E-4 7.1377587E-4 0.0011471178 
tapping 9.1240875E-4 7.293946E-4 7.745933E-4 7.1377587E-4 5.735589E-4 
masterywhat 9.1240875E-4 7.293946E-4 7.745933E-4 7.1377587E-4 5.735589E-4 
king 9.1240875E-4 7.293946E-4 7.745933E-4 7.1377587E-4 8.603384E-4 
minutes 9.1240875E-4 0.0014587892 7.745933E-4 7.1377587E-4 0.0017206768 
kind 9.1240875E-4 7.293946E-4 7.745933E-4 0.0014275517 5.735589E-4 
created 9.1240875E-4 7.293946E-4 7.745933E-4 7.1377587E-4 5.735589E-4 
format 9.1240875E-4 7.293946E-4 0.0015491867 0.0021413276 5.735589E-4 
history 9.1240875E-4 7.293946E-4 7.745933E-4 7.1377587E-4 8.603384E-4 
searing 9.1240875E-4 7.293946E-4 7.745933E-4 7.1377587E-4 2.8677945E-4 
square 9.1240875E-4 7.293946E-4 7.745933E-4 0.0014275517 2.8677945E-4 
GIT 9.1240875E-4 7.293946E-4 7.745933E-4 7.1377587E-4 5.735589E-4 
instructor 9.1240875E-4 7.293946E-4 7.745933E-4 0.0014275517 0.0020074563 
absolutely 9.1240875E-4 7.293946E-4 7.745933E-4 7.1377587E-4 8.603384E-4 
pennymozart 9.1240875E-4 7.293946E-4 7.745933E-4 7.1377587E-4 5.735589E-4 
explaining 9.1240875E-4 7.293946E-4 7.745933E-4 0.0028551035 5.735589E-4 
evocative 9.1240875E-4 7.293946E-4 7.745933E-4 7.1377587E-4 5.735589E-4 
job 9.1240875E-4 0.0014587892 7.745933E-4 0.0021413276 8.603384E-4 
daughter 9.1240875E-4 7.293946E-4 7.745933E-4 7.1377587E-4 0.0011471178 
EARTH 9.1240875E-4 7.293946E-4 7.745933E-4 7.1377587E-4 2.8677945E-4 
critical 0.0018248175 7.293946E-4 7.745933E-4 7.1377587E-4 5.735589E-4 
part 0.0018248175 0.003646973 7.745933E-4 0.0021413276 0.0022942356 
conversations 9.1240875E-4 7.293946E-4 7.745933E-4 7.1377587E-4 5.735589E-4 
point 0.0018248175 7.293946E-4 7.745933E-4 7.1377587E-4 0.0014338973 
sporadically 9.1240875E-4 0.0014587892 7.745933E-4 7.1377587E-4 2.8677945E-4 
n_better 9.1240875E-4 0.0014587892 7.745933E-4 7.1377587E-4 2.8677945E-4 
shredding 9.1240875E-4 7.293946E-4 0.00232378 7.1377587E-4 8.603384E-4 
alone 9.1240875E-4 7.293946E-4 7.745933E-4 7.1377587E-4 0.0011471178 
sounds 9.1240875E-4 7.293946E-4 7.745933E-4 7.1377587E-4 8.603384E-4 
para 9.1240875E-4 7.293946E-4 7.745933E-4 7.1377587E-4 8.603384E-4 
rocks 9.1240875E-4 7.293946E-4 7.745933E-4 7.1377587E-4 2.8677945E-4 
structural 9.1240875E-4 7.293946E-4 7.745933E-4 7.1377587E-4 8.603384E-4 
minutesvolume 9.1240875E-4 7.293946E-4 7.745933E-4 7.1377587E-4 5.735589E-4 
tones 9.1240875E-4 7.293946E-4 7.745933E-4 7.1377587E-4 5.735589E-4 
n_tried 9.1240875E-4 7.293946E-4 0.0015491867 7.1377587E-4 2.8677945E-4 
playersdvd 9.1240875E-4 7.293946E-4 7.745933E-4 7.1377587E-4 5.735589E-4 
mentioned 9.1240875E-4 0.0014587892 7.745933E-4 7.1377587E-4 5.735589E-4 
introduction 9.1240875E-4 7.293946E-4 7.745933E-4 7.1377587E-4 5.735589E-4 
sloppy 9.1240875E-4 7.293946E-4 7.745933E-4 7.1377587E-4 0.0011471178 
VHS 9.1240875E-4 7.293946E-4 7.745933E-4 7.1377587E-4 2.8677945E-4 
rest 9.1240875E-4 7.293946E-4 7.745933E-4 7.1377587E-4 8.603384E-4 
oistrakh 9.1240875E-4 7.293946E-4 7.745933E-4 7.1377587E-4 5.735589E-4 
move 9.1240875E-4 7.293946E-4 7.745933E-4 0.0014275517 0.0011471178 
process 9.1240875E-4 7.293946E-4 7.745933E-4 7.1377587E-4 5.735589E-4 
original 9.1240875E-4 7.293946E-4 7.745933E-4 0.0014275517 8.603384E-4 
nostalgic 9.1240875E-4 7.293946E-4 7.745933E-4 7.1377587E-4 5.735589E-4 
therapy 9.1240875E-4 7.293946E-4 7.745933E-4 7.1377587E-4 5.735589E-4 
clear 9.1240875E-4 0.0014587892 7.745933E-4 7.1377587E-4 8.603384E-4 
clean 9.1240875E-4 7.293946E-4 7.745933E-4 7.1377587E-4 0.0017206768 
desireable 9.1240875E-4 7.293946E-4 7.745933E-4 7.1377587E-4 5.735589E-4 
recommended 9.1240875E-4 7.293946E-4 7.745933E-4 7.1377587E-4 0.0011471178 
listed 0.0018248175 7.293946E-4 7.745933E-4 7.1377587E-4 2.8677945E-4 
build 9.1240875E-4 7.293946E-4 7.745933E-4 7.1377587E-4 5.735589E-4 
n_find 9.1240875E-4 7.293946E-4 7.745933E-4 0.0014275517 2.8677945E-4 
meat 9.1240875E-4 7.293946E-4 7.745933E-4 0.0014275517 2.8677945E-4 
front 9.1240875E-4 7.293946E-4 7.745933E-4 0.0014275517 8.603384E-4 
clinic 9.1240875E-4 7.293946E-4 7.745933E-4 0.0014275517 5.735589E-4 
simply 9.1240875E-4 7.293946E-4 7.745933E-4 7.1377587E-4 5.735589E-4 
bad 9.1240875E-4 7.293946E-4 7.745933E-4 0.0014275517 8.603384E-4 
def 9.1240875E-4 7.293946E-4 0.0015491867 7.1377587E-4 2.8677945E-4 
homespun 9.1240875E-4 7.293946E-4 7.745933E-4 7.1377587E-4 5.735589E-4 
mixing 9.1240875E-4 7.293946E-4 7.745933E-4 0.0014275517 2.8677945E-4 
evolved 9.1240875E-4 7.293946E-4 7.745933E-4 7.1377587E-4 5.735589E-4 
videos 9.1240875E-4 0.0021881838 7.745933E-4 0.0014275517 0.0017206768 
areas 9.1240875E-4 7.293946E-4 7.745933E-4 7.1377587E-4 5.735589E-4 
stunning 9.1240875E-4 7.293946E-4 7.745933E-4 7.1377587E-4 5.735589E-4 
viewing 9.1240875E-4 7.293946E-4 7.745933E-4 7.1377587E-4 5.735589E-4 
stringstring 9.1240875E-4 0.0014587892 7.745933E-4 7.1377587E-4 2.8677945E-4 
trip 9.1240875E-4 7.293946E-4 7.745933E-4 7.1377587E-4 5.735589E-4 
predictable 9.1240875E-4 7.293946E-4 7.745933E-4 7.1377587E-4 5.735589E-4 
karaoketo 9.1240875E-4 7.293946E-4 7.745933E-4 7.1377587E-4 5.735589E-4 
musthave 9.1240875E-4 7.293946E-4 7.745933E-4 7.1377587E-4 5.735589E-4 
grotesque 9.1240875E-4 7.293946E-4 7.745933E-4 7.1377587E-4 5.735589E-4 
killer 9.1240875E-4 7.293946E-4 7.745933E-4 0.0014275517 2.8677945E-4 
absorbable 9.1240875E-4 7.293946E-4 7.745933E-4 7.1377587E-4 5.735589E-4 
strenght 9.1240875E-4 7.293946E-4 7.745933E-4 7.1377587E-4 5.735589E-4 
reflects 9.1240875E-4 7.293946E-4 7.745933E-4 7.1377587E-4 5.735589E-4 
mozart 9.1240875E-4 7.293946E-4 7.745933E-4 7.1377587E-4 0.0014338973 
addition 9.1240875E-4 7.293946E-4 0.0015491867 0.0014275517 8.603384E-4 
limitations 9.1240875E-4 7.293946E-4 0.0015491867 7.1377587E-4 2.8677945E-4 
knowledge 9.1240875E-4 7.293946E-4 7.745933E-4 7.1377587E-4 5.735589E-4 
prime 9.1240875E-4 7.293946E-4 7.745933E-4 7.1377587E-4 5.735589E-4 
happen 9.1240875E-4 7.293946E-4 7.745933E-4 7.1377587E-4 2.8677945E-4 
sure 9.1240875E-4 0.0014587892 7.745933E-4 7.1377587E-4 0.0011471178 
videoif 9.1240875E-4 7.293946E-4 0.0015491867 7.1377587E-4 2.8677945E-4 
carefully 9.1240875E-4 7.293946E-4 0.0015491867 0.0014275517 2.8677945E-4 
past 9.1240875E-4 7.293946E-4 7.745933E-4 7.1377587E-4 8.603384E-4 
milk 9.1240875E-4 7.293946E-4 7.745933E-4 7.1377587E-4 5.735589E-4 
opportunity 9.1240875E-4 7.293946E-4 7.745933E-4 7.1377587E-4 5.735589E-4 
easy 9.1240875E-4 7.293946E-4 7.745933E-4 0.0014275517 0.0014338973 
buyer 9.1240875E-4 0.0014587892 7.745933E-4 7.1377587E-4 2.8677945E-4 
dose 9.1240875E-4 7.293946E-4 7.745933E-4 7.1377587E-4 5.735589E-4 
malted 9.1240875E-4 7.293946E-4 7.745933E-4 7.1377587E-4 5.735589E-4 
n_novices 9.1240875E-4 7.293946E-4 7.745933E-4 0.0014275517 2.8677945E-4 
enthusiasm 9.1240875E-4 0.0014587892 7.745933E-4 7.1377587E-4 2.8677945E-4 
defaults 9.1240875E-4 7.293946E-4 7.745933E-4 0.0014275517 2.8677945E-4 
mentions 9.1240875E-4 0.0014587892 7.745933E-4 0.0014275517 5.735589E-4 
intermediate 9.1240875E-4 7.293946E-4 7.745933E-4 0.0014275517 0.0020074563 
playalongs 9.1240875E-4 7.293946E-4 7.745933E-4 7.1377587E-4 5.735589E-4 
relative 9.1240875E-4 0.0014587892 7.745933E-4 7.1377587E-4 2.8677945E-4 
attitude 9.1240875E-4 7.293946E-4 7.745933E-4 7.1377587E-4 2.8677945E-4 
deal 9.1240875E-4 7.293946E-4 7.745933E-4 0.0014275517 5.735589E-4 
n_close 0.0018248175 7.293946E-4 7.745933E-4 0.0014275517 2.8677945E-4 
n_problem 9.1240875E-4 7.293946E-4 7.745933E-4 7.1377587E-4 8.603384E-4 
investments 9.1240875E-4 7.293946E-4 7.745933E-4 7.1377587E-4 5.735589E-4 
THE 0.0018248175 7.293946E-4 0.0015491867 7.1377587E-4 2.8677945E-4 
listeningear 9.1240875E-4 7.293946E-4 7.745933E-4 7.1377587E-4 5.735589E-4 
outro 9.1240875E-4 0.0014587892 7.745933E-4 7.1377587E-4 2.8677945E-4 
hearing 9.1240875E-4 7.293946E-4 7.745933E-4 7.1377587E-4 5.735589E-4 
wedding 9.1240875E-4 7.293946E-4 7.745933E-4 7.1377587E-4 5.735589E-4 
ca 9.1240875E-4 7.293946E-4 7.745933E-4 0.0014275517 8.603384E-4 
soloing 9.1240875E-4 7.293946E-4 7.745933E-4 0.0014275517 0.0011471178 
mind 9.1240875E-4 0.0014587892 7.745933E-4 7.1377587E-4 8.603384E-4 
set 9.1240875E-4 7.293946E-4 7.745933E-4 0.0014275517 0.0020074563 
n_collection 9.1240875E-4 7.293946E-4 7.745933E-4 7.1377587E-4 5.735589E-4 
emotional 9.1240875E-4 7.293946E-4 7.745933E-4 7.1377587E-4 5.735589E-4 
alternate 9.1240875E-4 0.0021881838 7.745933E-4 7.1377587E-4 8.603384E-4 
familiar 9.1240875E-4 7.293946E-4 7.745933E-4 7.1377587E-4 8.603384E-4 
involve 9.1240875E-4 7.293946E-4 0.0015491867 7.1377587E-4 2.8677945E-4 
deafening 9.1240875E-4 7.293946E-4 7.745933E-4 7.1377587E-4 5.735589E-4 
tells 9.1240875E-4 7.293946E-4 7.745933E-4 7.1377587E-4 5.735589E-4 
n_context 9.1240875E-4 7.293946E-4 7.745933E-4 0.0014275517 2.8677945E-4 
awesome 9.1240875E-4 7.293946E-4 7.745933E-4 7.1377587E-4 8.603384E-4 
doug 9.1240875E-4 0.0021881838 7.745933E-4 7.1377587E-4 8.603384E-4 
meet 9.1240875E-4 7.293946E-4 7.745933E-4 7.1377587E-4 5.735589E-4 
calls 9.1240875E-4 7.293946E-4 7.745933E-4 7.1377587E-4 5.735589E-4 
series 9.1240875E-4 7.293946E-4 0.00232378 7.1377587E-4 0.0022942356 
returning 9.1240875E-4 0.0021881838 7.745933E-4 7.1377587E-4 5.735589E-4 
complicated 9.1240875E-4 7.293946E-4 7.745933E-4 7.1377587E-4 5.735589E-4 
n_wo 9.1240875E-4 7.293946E-4 7.745933E-4 7.1377587E-4 5.735589E-4 
yrs 9.1240875E-4 7.293946E-4 7.745933E-4 7.1377587E-4 8.603384E-4 
paul 9.1240875E-4 0.0021881838 0.00232378 0.0014275517 0.00544881 
phrases 9.1240875E-4 7.293946E-4 7.745933E-4 7.1377587E-4 0.0011471178 
onscreen 9.1240875E-4 7.293946E-4 0.0015491867 7.1377587E-4 5.735589E-4 
explane 9.1240875E-4 7.293946E-4 7.745933E-4 7.1377587E-4 5.735589E-4 
essential 9.1240875E-4 7.293946E-4 7.745933E-4 7.1377587E-4 8.603384E-4 
violinists 9.1240875E-4 7.293946E-4 7.745933E-4 7.1377587E-4 8.603384E-4 
dvds 9.1240875E-4 7.293946E-4 7.745933E-4 0.0014275517 0.0020074563 
hold 9.1240875E-4 7.293946E-4 0.00232378 7.1377587E-4 2.8677945E-4 
beginner 9.1240875E-4 7.293946E-4 7.745933E-4 0.0014275517 0.0025810152 
talk 9.1240875E-4 7.293946E-4 7.745933E-4 0.0021413276 5.735589E-4 
n_DVD 9.1240875E-4 7.293946E-4 7.745933E-4 7.1377587E-4 5.735589E-4 
guitarist 9.1240875E-4 7.293946E-4 0.0015491867 7.1377587E-4 0.0020074563 
wow 9.1240875E-4 0.0014587892 7.745933E-4 7.1377587E-4 2.8677945E-4 
info 9.1240875E-4 7.293946E-4 0.0015491867 7.1377587E-4 2.8677945E-4 
patterns 9.1240875E-4 0.0014587892 0.0015491867 7.1377587E-4 8.603384E-4 
finally 9.1240875E-4 7.293946E-4 7.745933E-4 7.1377587E-4 0.0017206768 
en 9.1240875E-4 7.293946E-4 7.745933E-4 7.1377587E-4 8.603384E-4 
misleading 9.1240875E-4 0.0021881838 7.745933E-4 7.1377587E-4 2.8677945E-4 
parts 9.1240875E-4 0.0014587892 7.745933E-4 7.1377587E-4 0.0011471178 
n_beginner 9.1240875E-4 7.293946E-4 7.745933E-4 0.0014275517 5.735589E-4 
helps 9.1240875E-4 7.293946E-4 7.745933E-4 7.1377587E-4 8.603384E-4 
beginning 9.1240875E-4 7.293946E-4 0.0015491867 7.1377587E-4 2.8677945E-4 
n_instructions 0.0018248175 7.293946E-4 7.745933E-4 7.1377587E-4 2.8677945E-4 
back 0.0018248175 7.293946E-4 7.745933E-4 0.0021413276 0.0022942356 
training 9.1240875E-4 7.293946E-4 7.745933E-4 0.0014275517 8.603384E-4 
instructionals 9.1240875E-4 7.293946E-4 7.745933E-4 7.1377587E-4 0.0011471178 
explained 9.1240875E-4 0.0021881838 7.745933E-4 7.1377587E-4 5.735589E-4 
title 9.1240875E-4 7.293946E-4 7.745933E-4 7.1377587E-4 8.603384E-4 
watching 9.1240875E-4 0.0014587892 7.745933E-4 7.1377587E-4 2.8677945E-4 
content 9.1240875E-4 7.293946E-4 7.745933E-4 7.1377587E-4 8.603384E-4 
states 9.1240875E-4 0.0014587892 7.745933E-4 7.1377587E-4 5.735589E-4 
n_complete 9.1240875E-4 0.0014587892 7.745933E-4 7.1377587E-4 5.735589E-4 
PDF 9.1240875E-4 7.293946E-4 0.0015491867 0.0014275517 5.735589E-4 
n_attitude 9.1240875E-4 7.293946E-4 7.745933E-4 7.1377587E-4 2.8677945E-4 
rate 9.1240875E-4 7.293946E-4 7.745933E-4 7.1377587E-4 8.603384E-4 
skill 9.1240875E-4 7.293946E-4 0.00232378 7.1377587E-4 0.0017206768 
company 9.1240875E-4 7.293946E-4 0.0015491867 7.1377587E-4 5.735589E-4 
n_sorry 9.1240875E-4 7.293946E-4 7.745933E-4 7.1377587E-4 5.735589E-4 
covers 9.1240875E-4 7.293946E-4 7.745933E-4 0.0021413276 0.0011471178 
notice 9.1240875E-4 7.293946E-4 0.0015491867 7.1377587E-4 8.603384E-4 
practical 9.1240875E-4 7.293946E-4 7.745933E-4 7.1377587E-4 8.603384E-4 
spelling 9.1240875E-4 0.0021881838 7.745933E-4 7.1377587E-4 2.8677945E-4 
n_authentic 9.1240875E-4 7.293946E-4 7.745933E-4 7.1377587E-4 5.735589E-4 
solo 9.1240875E-4 0.0029175784 7.745933E-4 7.1377587E-4 0.0017206768 
rhythm 9.1240875E-4 0.0014587892 7.745933E-4 7.1377587E-4 5.735589E-4 
simmon 9.1240875E-4 7.293946E-4 7.745933E-4 7.1377587E-4 8.603384E-4 
petrucci 9.1240875E-4 7.293946E-4 0.0015491867 7.1377587E-4 2.8677945E-4 
home 9.1240875E-4 7.293946E-4 7.745933E-4 7.1377587E-4 5.735589E-4 
n_let 9.1240875E-4 7.293946E-4 7.745933E-4 7.1377587E-4 5.735589E-4 
material 9.1240875E-4 0.0014587892 7.745933E-4 0.0014275517 0.0011471178 
beethoven 9.1240875E-4 7.293946E-4 7.745933E-4 7.1377587E-4 0.0014338973 
fresh 9.1240875E-4 7.293946E-4 7.745933E-4 0.0014275517 5.735589E-4 
showing 9.1240875E-4 7.293946E-4 0.0015491867 7.1377587E-4 8.603384E-4 
explain 9.1240875E-4 7.293946E-4 7.745933E-4 7.1377587E-4 5.735589E-4 
big 9.1240875E-4 7.293946E-4 7.745933E-4 0.0014275517 0.0020074563 
practice 9.1240875E-4 7.293946E-4 7.745933E-4 0.0021413276 0.0020074563 
modes 9.1240875E-4 0.0014587892 7.745933E-4 7.1377587E-4 2.8677945E-4 
advanced 9.1240875E-4 0.0014587892 0.0015491867 7.1377587E-4 0.0028677946 
bit 9.1240875E-4 7.293946E-4 0.0015491867 0.0021413276 5.735589E-4 
attempt 9.1240875E-4 7.293946E-4 7.745933E-4 7.1377587E-4 8.603384E-4 
thanks 9.1240875E-4 7.293946E-4 7.745933E-4 7.1377587E-4 5.735589E-4 
convinced 9.1240875E-4 7.293946E-4 0.00232378 7.1377587E-4 2.8677945E-4 
context 9.1240875E-4 7.293946E-4 7.745933E-4 0.0021413276 5.735589E-4 
easily 9.1240875E-4 7.293946E-4 7.745933E-4 7.1377587E-4 0.0011471178 
action 9.1240875E-4 7.293946E-4 7.745933E-4 0.0021413276 2.8677945E-4 
VERY 0.0018248175 7.293946E-4 7.745933E-4 7.1377587E-4 0.0011471178 
song 9.1240875E-4 0.0021881838 7.745933E-4 7.1377587E-4 0.0020074563 
clapton 0.0018248175 0.005835157 7.745933E-4 7.1377587E-4 0.004301692 
made 9.1240875E-4 7.293946E-4 7.745933E-4 0.0014275517 0.0017206768 
sense 9.1240875E-4 0.0014587892 7.745933E-4 7.1377587E-4 8.603384E-4 
cream 9.1240875E-4 7.293946E-4 7.745933E-4 7.1377587E-4 8.603384E-4 
aimed 9.1240875E-4 0.0021881838 7.745933E-4 7.1377587E-4 2.8677945E-4 
contents 0.0018248175 7.293946E-4 7.745933E-4 0.0014275517 2.8677945E-4 
ups 9.1240875E-4 7.293946E-4 7.745933E-4 7.1377587E-4 8.603384E-4 
john 0.0018248175 7.293946E-4 0.0015491867 7.1377587E-4 8.603384E-4 
works 9.1240875E-4 7.293946E-4 7.745933E-4 7.1377587E-4 0.0011471178 
alive 9.1240875E-4 7.293946E-4 7.745933E-4 7.1377587E-4 8.603384E-4 
skip 9.1240875E-4 0.0014587892 7.745933E-4 7.1377587E-4 5.735589E-4 
sequences 9.1240875E-4 7.293946E-4 7.745933E-4 0.0014275517 5.735589E-4 
world 9.1240875E-4 7.293946E-4 7.745933E-4 0.0014275517 0.0011471178 
library 9.1240875E-4 7.293946E-4 7.745933E-4 7.1377587E-4 0.0014338973 
ability 9.1240875E-4 7.293946E-4 7.745933E-4 7.1377587E-4 0.0011471178 
camera 9.1240875E-4 7.293946E-4 7.745933E-4 0.0014275517 5.735589E-4 
mat 9.1240875E-4 7.293946E-4 7.745933E-4 0.0035688793 0.0014338973 
side 9.1240875E-4 7.293946E-4 7.745933E-4 7.1377587E-4 5.735589E-4 
n_pro 9.1240875E-4 7.293946E-4 7.745933E-4 0.0014275517 2.8677945E-4 
beter 9.1240875E-4 0.0021881838 7.745933E-4 7.1377587E-4 2.8677945E-4 
menu 9.1240875E-4 7.293946E-4 7.745933E-4 0.0014275517 0.0011471178 
generally 9.1240875E-4 0.0021881838 7.745933E-4 7.1377587E-4 2.8677945E-4 
virtuoso 9.1240875E-4 7.293946E-4 7.745933E-4 7.1377587E-4 2.8677945E-4 
places 9.1240875E-4 7.293946E-4 0.0015491867 7.1377587E-4 5.735589E-4 
instruction 0.0018248175 0.0014587892 0.0015491867 7.1377587E-4 0.0025810152 
discovery 9.1240875E-4 7.293946E-4 7.745933E-4 0.0014275517 0.0011471178 
complete 9.1240875E-4 0.0014587892 7.745933E-4 7.1377587E-4 0.0014338973 
fun 9.1240875E-4 7.293946E-4 0.0015491867 0.0014275517 0.0020074563 
return 9.1240875E-4 7.293946E-4 7.745933E-4 7.1377587E-4 0.0011471178 
ll 0.0018248175 0.0014587892 0.0015491867 7.1377587E-4 0.0025810152 
opera 9.1240875E-4 7.293946E-4 7.745933E-4 7.1377587E-4 0.0011471178 
n_put 9.1240875E-4 7.293946E-4 7.745933E-4 7.1377587E-4 5.735589E-4 
feel 9.1240875E-4 0.003646973 0.0015491867 7.1377587E-4 5.735589E-4 
n_secret 9.1240875E-4 7.293946E-4 7.745933E-4 7.1377587E-4 2.8677945E-4 
faster 9.1240875E-4 7.293946E-4 0.00232378 7.1377587E-4 5.735589E-4 
son 9.1240875E-4 7.293946E-4 7.745933E-4 7.1377587E-4 8.603384E-4 
fine 9.1240875E-4 7.293946E-4 0.0015491867 7.1377587E-4 8.603384E-4 
find 0.0018248175 7.293946E-4 0.0015491867 0.0014275517 0.0011471178 
n_valuable 9.1240875E-4 7.293946E-4 0.0015491867 7.1377587E-4 2.8677945E-4 
locked 9.1240875E-4 7.293946E-4 7.745933E-4 0.0014275517 5.735589E-4 
n_send 9.1240875E-4 7.293946E-4 7.745933E-4 7.1377587E-4 5.735589E-4 
novice 9.1240875E-4 7.293946E-4 7.745933E-4 7.1377587E-4 8.603384E-4 
n_succumbed 9.1240875E-4 7.293946E-4 7.745933E-4 7.1377587E-4 5.735589E-4 
months 9.1240875E-4 7.293946E-4 7.745933E-4 7.1377587E-4 8.603384E-4 
level 9.1240875E-4 0.0021881838 0.0030983733 0.0014275517 0.0045884713 
mr 9.1240875E-4 7.293946E-4 7.745933E-4 7.1377587E-4 0.0014338973 
difficult 9.1240875E-4 7.293946E-4 0.0015491867 7.1377587E-4 8.603384E-4 
ideas 9.1240875E-4 7.293946E-4 7.745933E-4 0.0021413276 2.8677945E-4 
seriously 9.1240875E-4 7.293946E-4 0.0015491867 7.1377587E-4 5.735589E-4 
picking 9.1240875E-4 0.003646973 7.745933E-4 7.1377587E-4 0.0028677946 
relevant 9.1240875E-4 7.293946E-4 7.745933E-4 7.1377587E-4 8.603384E-4 
forget 9.1240875E-4 7.293946E-4 7.745933E-4 7.1377587E-4 0.0011471178 
disk 9.1240875E-4 0.0021881838 7.745933E-4 0.0014275517 2.8677945E-4 
true 9.1240875E-4 7.293946E-4 7.745933E-4 7.1377587E-4 8.603384E-4 
n_not 0.0018248175 7.293946E-4 7.745933E-4 0.0014275517 2.8677945E-4 
position 9.1240875E-4 7.293946E-4 7.745933E-4 7.1377587E-4 0.0011471178 
no 0.0018248175 0.0029175784 0.0015491867 0.0014275517 0.0051620305 
n_understanding 9.1240875E-4 7.293946E-4 7.745933E-4 7.1377587E-4 5.735589E-4 
hammer 9.1240875E-4 7.293946E-4 7.745933E-4 7.1377587E-4 0.0011471178 
student 9.1240875E-4 7.293946E-4 7.745933E-4 0.0014275517 0.0017206768 
nt 9.1240875E-4 0.0065645515 0.0030983733 0.006423983 0.006882707 
soul 9.1240875E-4 7.293946E-4 7.745933E-4 7.1377587E-4 8.603384E-4 
best 9.1240875E-4 0.0014587892 7.745933E-4 0.0014275517 0.0031545742 
decent 9.1240875E-4 7.293946E-4 0.0015491867 0.0014275517 2.8677945E-4 
enjoys 9.1240875E-4 7.293946E-4 7.745933E-4 0.0021413276 2.8677945E-4 
transform 9.1240875E-4 7.293946E-4 7.745933E-4 7.1377587E-4 8.603384E-4 
patitucci 0.0018248175 7.293946E-4 7.745933E-4 0.0014275517 8.603384E-4 
n_recognize 9.1240875E-4 7.293946E-4 7.745933E-4 0.0014275517 2.8677945E-4 
make 9.1240875E-4 0.0021881838 7.745933E-4 7.1377587E-4 0.0025810152 
included 9.1240875E-4 7.293946E-4 0.0015491867 0.0021413276 8.603384E-4 
experienced 9.1240875E-4 0.0014587892 7.745933E-4 0.0014275517 0.0011471178 
hear 9.1240875E-4 7.293946E-4 7.745933E-4 0.0014275517 0.0014338973 
n_scared 9.1240875E-4 7.293946E-4 7.745933E-4 7.1377587E-4 5.735589E-4 
highly 9.1240875E-4 0.0014587892 7.745933E-4 7.1377587E-4 0.0017206768 
certainly 9.1240875E-4 0.0021881838 7.745933E-4 7.1377587E-4 2.8677945E-4 
attempting 9.1240875E-4 0.0014587892 7.745933E-4 7.1377587E-4 5.735589E-4 
pretty 9.1240875E-4 7.293946E-4 7.745933E-4 7.1377587E-4 0.0020074563 
plays 0.0018248175 0.0021881838 7.745933E-4 7.1377587E-4 0.0011471178 
chance 9.1240875E-4 7.293946E-4 0.0015491867 7.1377587E-4 5.735589E-4 
n_explained 9.1240875E-4 0.0014587892 7.745933E-4 7.1377587E-4 2.8677945E-4 
interesting 9.1240875E-4 7.293946E-4 7.745933E-4 7.1377587E-4 0.0011471178 
control 9.1240875E-4 0.0014587892 7.745933E-4 7.1377587E-4 8.603384E-4 
n_like 9.1240875E-4 7.293946E-4 7.745933E-4 7.1377587E-4 2.8677945E-4 
traum 9.1240875E-4 7.293946E-4 7.745933E-4 7.1377587E-4 0.0020074563 
master 9.1240875E-4 7.293946E-4 7.745933E-4 0.0014275517 8.603384E-4 
due 9.1240875E-4 7.293946E-4 0.0015491867 7.1377587E-4 5.735589E-4 
earth 9.1240875E-4 7.293946E-4 7.745933E-4 7.1377587E-4 8.603384E-4 
mere 9.1240875E-4 7.293946E-4 7.745933E-4 7.1377587E-4 8.603384E-4 
authentic 9.1240875E-4 7.293946E-4 7.745933E-4 7.1377587E-4 8.603384E-4 
easier 9.1240875E-4 7.293946E-4 0.0015491867 7.1377587E-4 5.735589E-4 
online 9.1240875E-4 7.293946E-4 7.745933E-4 0.0014275517 5.735589E-4 
n_only 9.1240875E-4 7.293946E-4 7.745933E-4 7.1377587E-4 5.735589E-4 
RRB 0.0018248175 0.005835157 0.0030983733 0.0035688793 0.010037282 
discipline 9.1240875E-4 7.293946E-4 7.745933E-4 7.1377587E-4 2.8677945E-4 
solder 0.0027372262 7.293946E-4 7.745933E-4 7.1377587E-4 2.8677945E-4 
dynamics 9.1240875E-4 7.293946E-4 7.745933E-4 7.1377587E-4 8.603384E-4 
dvd 9.1240875E-4 0.003646973 7.745933E-4 7.1377587E-4 0.0031545742 
exercises 9.1240875E-4 7.293946E-4 7.745933E-4 0.0014275517 8.603384E-4 
band 9.1240875E-4 7.293946E-4 7.745933E-4 0.0014275517 8.603384E-4 
recent 9.1240875E-4 7.293946E-4 7.745933E-4 0.0028551035 5.735589E-4 
breaking 9.1240875E-4 7.293946E-4 7.745933E-4 0.0014275517 8.603384E-4 
based 9.1240875E-4 7.293946E-4 0.0015491867 7.1377587E-4 0.0011471178 
quality 9.1240875E-4 7.293946E-4 7.745933E-4 7.1377587E-4 8.603384E-4 
n_disappointed 9.1240875E-4 7.293946E-4 7.745933E-4 7.1377587E-4 2.8677945E-4 
concepts 9.1240875E-4 7.293946E-4 7.745933E-4 7.1377587E-4 8.603384E-4 
consistently 9.1240875E-4 7.293946E-4 7.745933E-4 7.1377587E-4 8.603384E-4 
understandable 9.1240875E-4 7.293946E-4 7.745933E-4 7.1377587E-4 8.603384E-4 
starting 9.1240875E-4 7.293946E-4 0.0015491867 7.1377587E-4 5.735589E-4 
lessons 9.1240875E-4 7.293946E-4 0.0015491867 0.0014275517 0.0028677946 
n_get 9.1240875E-4 7.293946E-4 0.0015491867 7.1377587E-4 0.0011471178 
fact 9.1240875E-4 7.293946E-4 0.0015491867 7.1377587E-4 8.603384E-4 
overcome 9.1240875E-4 7.293946E-4 7.745933E-4 7.1377587E-4 8.603384E-4 
fret 9.1240875E-4 0.0021881838 7.745933E-4 0.0014275517 8.603384E-4 
long 9.1240875E-4 0.0014587892 7.745933E-4 0.0035688793 8.603384E-4 
extended 9.1240875E-4 7.293946E-4 7.745933E-4 7.1377587E-4 5.735589E-4 
n_beginners 9.1240875E-4 7.293946E-4 0.0015491867 7.1377587E-4 2.8677945E-4 
n_forget 9.1240875E-4 7.293946E-4 7.745933E-4 7.1377587E-4 8.603384E-4 
current 9.1240875E-4 7.293946E-4 0.0015491867 7.1377587E-4 0.0011471178 
key 9.1240875E-4 7.293946E-4 7.745933E-4 7.1377587E-4 8.603384E-4 
n_return 9.1240875E-4 7.293946E-4 7.745933E-4 7.1377587E-4 5.735589E-4 
cuts 0.0027372262 7.293946E-4 7.745933E-4 7.1377587E-4 2.8677945E-4 
musicthe 9.1240875E-4 7.293946E-4 7.745933E-4 7.1377587E-4 8.603384E-4 
st 9.1240875E-4 7.293946E-4 7.745933E-4 7.1377587E-4 0.0011471178 
twinkle 9.1240875E-4 7.293946E-4 7.745933E-4 7.1377587E-4 0.0011471178 
star 9.1240875E-4 7.293946E-4 7.745933E-4 0.0014275517 2.8677945E-4 
makes 9.1240875E-4 7.293946E-4 0.0015491867 7.1377587E-4 0.0011471178 
started 9.1240875E-4 0.0014587892 0.0030983733 7.1377587E-4 8.603384E-4 
people 9.1240875E-4 0.0014587892 7.745933E-4 7.1377587E-4 8.603384E-4 
stay 9.1240875E-4 7.293946E-4 7.745933E-4 0.0014275517 5.735589E-4 
CLAPTON 0.0027372262 7.293946E-4 7.745933E-4 7.1377587E-4 2.8677945E-4 
pull 9.1240875E-4 0.0014587892 7.745933E-4 7.1377587E-4 8.603384E-4 
tablature 9.1240875E-4 0.0014587892 7.745933E-4 7.1377587E-4 8.603384E-4 
simon 9.1240875E-4 7.293946E-4 7.745933E-4 0.0021413276 0.0034413536 
definitely 9.1240875E-4 0.0014587892 7.745933E-4 7.1377587E-4 8.603384E-4 
ons 9.1240875E-4 7.293946E-4 7.745933E-4 7.1377587E-4 8.603384E-4 
inspire 9.1240875E-4 7.293946E-4 7.745933E-4 7.1377587E-4 8.603384E-4 
beginners 9.1240875E-4 0.0014587892 0.0015491867 7.1377587E-4 8.603384E-4 
buying 9.1240875E-4 7.293946E-4 7.745933E-4 7.1377587E-4 5.735589E-4 
n_watch 9.1240875E-4 7.293946E-4 7.745933E-4 0.0014275517 2.8677945E-4 
n_think 9.1240875E-4 0.0014587892 7.745933E-4 7.1377587E-4 2.8677945E-4 
open 9.1240875E-4 0.0014587892 7.745933E-4 7.1377587E-4 8.603384E-4 
story 9.1240875E-4 7.293946E-4 0.0015491867 7.1377587E-4 0.0014338973 
n_tab 0.0018248175 0.0014587892 7.745933E-4 7.1377587E-4 2.8677945E-4 
country 9.1240875E-4 7.293946E-4 7.745933E-4 7.1377587E-4 8.603384E-4 
phillips 9.1240875E-4 7.293946E-4 7.745933E-4 0.0014275517 0.0017206768 
buy 9.1240875E-4 0.0029175784 0.0015491867 0.0014275517 0.0011471178 
aida 9.1240875E-4 7.293946E-4 7.745933E-4 7.1377587E-4 0.0011471178 
wished 9.1240875E-4 7.293946E-4 7.745933E-4 7.1377587E-4 8.603384E-4 
presentation 9.1240875E-4 7.293946E-4 7.745933E-4 7.1377587E-4 5.735589E-4 
amazing 9.1240875E-4 7.293946E-4 7.745933E-4 7.1377587E-4 0.0020074563 
lick 9.1240875E-4 7.293946E-4 0.00232378 0.0014275517 0.0011471178 
n_worry 9.1240875E-4 7.293946E-4 7.745933E-4 7.1377587E-4 5.735589E-4 
written 9.1240875E-4 7.293946E-4 7.745933E-4 7.1377587E-4 0.0014338973 
extreme 9.1240875E-4 0.0014587892 7.745933E-4 0.0014275517 2.8677945E-4 
finding 9.1240875E-4 7.293946E-4 7.745933E-4 7.1377587E-4 8.603384E-4 
sections 9.1240875E-4 7.293946E-4 7.745933E-4 0.0014275517 5.735589E-4 
ve 9.1240875E-4 0.0021881838 7.745933E-4 0.0021413276 0.0020074563 
NOT 0.0018248175 0.0021881838 7.745933E-4 7.1377587E-4 5.735589E-4 
purchased 9.1240875E-4 7.293946E-4 0.0015491867 7.1377587E-4 2.8677945E-4 
n_worth 9.1240875E-4 0.0014587892 7.745933E-4 7.1377587E-4 2.8677945E-4 
THIS 0.0018248175 7.293946E-4 7.745933E-4 7.1377587E-4 2.8677945E-4 
n_player 9.1240875E-4 7.293946E-4 7.745933E-4 7.1377587E-4 5.735589E-4 
basics 9.1240875E-4 0.0014587892 7.745933E-4 0.0014275517 5.735589E-4 
recording 9.1240875E-4 7.293946E-4 7.745933E-4 0.0014275517 0.0011471178 
learning 9.1240875E-4 7.293946E-4 0.0015491867 7.1377587E-4 0.0020074563 
frustrating 9.1240875E-4 0.0014587892 0.0015491867 7.1377587E-4 5.735589E-4 
speed 0.0018248175 0.0014587892 0.00232378 0.0028551035 0.0025810152 
blues 9.1240875E-4 7.293946E-4 0.00232378 0.0035688793 0.0045884713 
n_video 9.1240875E-4 0.0021881838 7.745933E-4 7.1377587E-4 2.8677945E-4 
interest 9.1240875E-4 7.293946E-4 7.745933E-4 7.1377587E-4 8.603384E-4 
kit 9.1240875E-4 7.293946E-4 7.745933E-4 7.1377587E-4 0.0011471178 
wo 9.1240875E-4 7.293946E-4 7.745933E-4 7.1377587E-4 0.0011471178 
missing 9.1240875E-4 0.0021881838 0.0015491867 7.1377587E-4 2.8677945E-4 
n_time 9.1240875E-4 7.293946E-4 7.745933E-4 7.1377587E-4 8.603384E-4 
figure 9.1240875E-4 0.0014587892 7.745933E-4 0.0014275517 5.735589E-4 
previous 9.1240875E-4 7.293946E-4 0.0015491867 0.0014275517 2.8677945E-4 
n_last 9.1240875E-4 7.293946E-4 7.745933E-4 7.1377587E-4 5.735589E-4 
recently 9.1240875E-4 7.293946E-4 0.0015491867 7.1377587E-4 5.735589E-4 
teach 9.1240875E-4 0.0014587892 0.0015491867 7.1377587E-4 8.603384E-4 
incredible 9.1240875E-4 7.293946E-4 7.745933E-4 7.1377587E-4 0.0014338973 
guitar 0.0018248175 0.003646973 0.0030983733 0.0028551035 0.01089762 
bass 9.1240875E-4 7.293946E-4 7.745933E-4 7.1377587E-4 0.0020074563 
money 0.0027372262 0.0029175784 7.745933E-4 7.1377587E-4 0.0014338973 
forever 0.0018248175 7.293946E-4 7.745933E-4 7.1377587E-4 2.8677945E-4 
n_got 9.1240875E-4 7.293946E-4 7.745933E-4 7.1377587E-4 5.735589E-4 
fingers 9.1240875E-4 0.0014587892 7.745933E-4 0.0014275517 2.8677945E-4 
problem 9.1240875E-4 0.0014587892 0.0015491867 7.1377587E-4 8.603384E-4 
humor 9.1240875E-4 7.293946E-4 7.745933E-4 7.1377587E-4 8.603384E-4 
children 9.1240875E-4 7.293946E-4 7.745933E-4 7.1377587E-4 0.0011471178 
price 9.1240875E-4 7.293946E-4 7.745933E-4 7.1377587E-4 0.0014338973 
review 9.1240875E-4 0.0021881838 7.745933E-4 7.1377587E-4 5.735589E-4 
n_belong 9.1240875E-4 0.0014587892 7.745933E-4 7.1377587E-4 2.8677945E-4 
work 9.1240875E-4 0.0014587892 7.745933E-4 0.0014275517 0.004875251 
noticable 9.1240875E-4 7.293946E-4 7.745933E-4 7.1377587E-4 8.603384E-4 
books 9.1240875E-4 7.293946E-4 7.745933E-4 0.0014275517 0.0014338973 
examples 9.1240875E-4 7.293946E-4 7.745933E-4 7.1377587E-4 5.735589E-4 
favorite 9.1240875E-4 7.293946E-4 7.745933E-4 7.1377587E-4 0.0011471178 
theory 9.1240875E-4 0.0014587892 7.745933E-4 0.0014275517 0.0011471178 
love 9.1240875E-4 7.293946E-4 7.745933E-4 7.1377587E-4 0.0022942356 
gods 9.1240875E-4 7.293946E-4 7.745933E-4 7.1377587E-4 8.603384E-4 
classical 9.1240875E-4 7.293946E-4 7.745933E-4 7.1377587E-4 8.603384E-4 
enjoy 9.1240875E-4 7.293946E-4 7.745933E-4 0.0021413276 8.603384E-4 
rock 9.1240875E-4 7.293946E-4 7.745933E-4 0.0014275517 0.0028677946 
n_haughty 9.1240875E-4 7.293946E-4 7.745933E-4 7.1377587E-4 2.8677945E-4 
continues 9.1240875E-4 7.293946E-4 7.745933E-4 7.1377587E-4 5.735589E-4 
renditions 9.1240875E-4 7.293946E-4 7.745933E-4 7.1377587E-4 8.603384E-4 
arpeggio 9.1240875E-4 7.293946E-4 7.745933E-4 7.1377587E-4 5.735589E-4 
n_check 9.1240875E-4 7.293946E-4 7.745933E-4 7.1377587E-4 5.735589E-4 
place 9.1240875E-4 0.0014587892 7.745933E-4 7.1377587E-4 8.603384E-4 
copy 9.1240875E-4 7.293946E-4 0.0015491867 7.1377587E-4 5.735589E-4 
explains 9.1240875E-4 7.293946E-4 7.745933E-4 7.1377587E-4 0.0011471178 
include 9.1240875E-4 7.293946E-4 7.745933E-4 0.0014275517 8.603384E-4 
cool 9.1240875E-4 0.0014587892 0.00232378 0.0021413276 0.0017206768 
suggest 9.1240875E-4 7.293946E-4 7.745933E-4 7.1377587E-4 0.0011471178 
nice 9.1240875E-4 7.293946E-4 7.745933E-4 0.0014275517 0.0017206768 
lead 9.1240875E-4 7.293946E-4 7.745933E-4 7.1377587E-4 5.735589E-4 
drummer 9.1240875E-4 7.293946E-4 0.00232378 0.0014275517 0.0014338973 
opinion 9.1240875E-4 7.293946E-4 7.745933E-4 7.1377587E-4 8.603384E-4 
lots 9.1240875E-4 7.293946E-4 0.0015491867 7.1377587E-4 5.735589E-4 
help 9.1240875E-4 7.293946E-4 7.745933E-4 7.1377587E-4 0.0017206768 
LRB 0.0018248175 0.005835157 0.0030983733 0.0035688793 0.009750502 
runs 9.1240875E-4 0.0021881838 7.745933E-4 7.1377587E-4 2.8677945E-4 
shredder 9.1240875E-4 7.293946E-4 7.745933E-4 0.0014275517 5.735589E-4 
perfect 9.1240875E-4 0.0014587892 7.745933E-4 0.0014275517 0.0011471178 
sound 9.1240875E-4 7.293946E-4 0.0015491867 0.0014275517 0.0031545742 
tab 0.0018248175 0.0021881838 0.00232378 0.0014275517 8.603384E-4 
plain 9.1240875E-4 7.293946E-4 7.745933E-4 7.1377587E-4 8.603384E-4 
development 9.1240875E-4 7.293946E-4 0.0015491867 7.1377587E-4 2.8677945E-4 
like 9.1240875E-4 0.0014587892 0.0038729666 0.004282655 0.0031545742 
techniques 9.1240875E-4 7.293946E-4 0.0015491867 0.0035688793 0.0020074563 
concerto 9.1240875E-4 7.293946E-4 7.745933E-4 7.1377587E-4 8.603384E-4 
n_have 0.0018248175 0.0021881838 0.0015491867 0.0014275517 8.603384E-4 
youtube 9.1240875E-4 0.0014587892 0.0015491867 7.1377587E-4 5.735589E-4 
note 9.1240875E-4 0.0014587892 7.745933E-4 7.1377587E-4 0.0011471178 
regret 9.1240875E-4 7.293946E-4 7.745933E-4 7.1377587E-4 2.8677945E-4 
line 9.1240875E-4 7.293946E-4 7.745933E-4 7.1377587E-4 0.0011471178 
scale 9.1240875E-4 0.0029175784 7.745933E-4 7.1377587E-4 0.0017206768 
tune 9.1240875E-4 7.293946E-4 7.745933E-4 7.1377587E-4 0.0011471178 
aware 9.1240875E-4 7.293946E-4 7.745933E-4 7.1377587E-4 8.603384E-4 
ready 9.1240875E-4 7.293946E-4 7.745933E-4 7.1377587E-4 8.603384E-4 
spend 9.1240875E-4 7.293946E-4 7.745933E-4 7.1377587E-4 5.735589E-4 
cat 9.1240875E-4 7.293946E-4 7.745933E-4 7.1377587E-4 8.603384E-4 
studies 9.1240875E-4 0.0014587892 7.745933E-4 7.1377587E-4 5.735589E-4 
n_glean 9.1240875E-4 7.293946E-4 7.745933E-4 7.1377587E-4 5.735589E-4 
track 9.1240875E-4 7.293946E-4 7.745933E-4 0.0014275517 5.735589E-4 
value 9.1240875E-4 7.293946E-4 0.0015491867 7.1377587E-4 8.603384E-4 
accompaniment 9.1240875E-4 7.293946E-4 7.745933E-4 7.1377587E-4 8.603384E-4 
player 9.1240875E-4 0.0014587892 0.0015491867 0.0028551035 0.0037281332 
listening 9.1240875E-4 7.293946E-4 7.745933E-4 7.1377587E-4 8.603384E-4 
stories 9.1240875E-4 7.293946E-4 7.745933E-4 7.1377587E-4 8.603384E-4 
spent 9.1240875E-4 0.0014587892 7.745933E-4 0.0014275517 0.0011471178 
tricks 9.1240875E-4 7.293946E-4 7.745933E-4 7.1377587E-4 0.0011471178 
played 9.1240875E-4 0.0014587892 0.0015491867 0.0014275517 0.0017206768 
command 9.1240875E-4 7.293946E-4 7.745933E-4 0.0014275517 2.8677945E-4 
performance 9.1240875E-4 7.293946E-4 7.745933E-4 0.0014275517 5.735589E-4 
n_premiered 9.1240875E-4 7.293946E-4 7.745933E-4 7.1377587E-4 5.735589E-4 
rewinding 9.1240875E-4 0.0021881838 7.745933E-4 7.1377587E-4 2.8677945E-4 
challenge 9.1240875E-4 7.293946E-4 0.0015491867 7.1377587E-4 5.735589E-4 
n_introduction 9.1240875E-4 7.293946E-4 7.745933E-4 7.1377587E-4 5.735589E-4 
