prepare 0.0015337423 0.0015527951 0.0012987013 0.0016638935 0.0015396458 
been 0.0015337423 0.0015527951 0.0012987013 0.0016638935 7.698229E-4 
slowed 0.0015337423 0.0015527951 0.0012987013 0.0016638935 0.0015396458 
layla 0.0015337423 0.0015527951 0.0012987013 0.0016638935 7.698229E-4 
accuracy 0.0015337423 0.0015527951 0.0012987013 0.0016638935 0.0015396458 
assures 0.0015337423 0.0015527951 0.0012987013 0.0016638935 7.698229E-4 
areas 0.0015337423 0.0015527951 0.0012987013 0.0016638935 0.0015396458 
your 0.0015337423 0.0015527951 0.0025974025 0.0016638935 0.0023094688 
stunning 0.0015337423 0.0015527951 0.0012987013 0.0016638935 0.0015396458 
dissapointed 0.0015337423 0.0015527951 0.0012987013 0.0016638935 7.698229E-4 
without 0.0015337423 0.0015527951 0.0012987013 0.0016638935 7.698229E-4 
noght 0.0015337423 0.0015527951 0.0012987013 0.0016638935 7.698229E-4 
these 0.0015337423 0.0015527951 0.0012987013 0.0016638935 0.0030792917 
music 0.0015337423 0.0015527951 0.0012987013 0.0016638935 0.0076982295 
saves 0.0015337423 0.0015527951 0.0012987013 0.0016638935 7.698229E-4 
would 0.0015337423 0.0015527951 0.0012987013 0.0016638935 0.0015396458 
pick 0.0015337423 0.0015527951 0.0025974025 0.0016638935 7.698229E-4 
predictable 0.0015337423 0.0015527951 0.0012987013 0.0016638935 0.0015396458 
understanding 0.0015337423 0.0015527951 0.0025974025 0.0016638935 7.698229E-4 
grotesque 0.0015337423 0.0015527951 0.0012987013 0.0016638935 0.0015396458 
bay 0.0015337423 0.0015527951 0.0012987013 0.0016638935 0.0015396458 
because 0.0015337423 0.0015527951 0.0012987013 0.0016638935 7.698229E-4 
you 0.0015337423 0.0015527951 0.0064935065 0.0016638935 0.0061585833 
addition 0.0015337423 0.0015527951 0.0025974025 0.0016638935 7.698229E-4 
limitations 0.0015337423 0.0015527951 0.0025974025 0.0016638935 7.698229E-4 
!! 0.0015337423 0.0015527951 0.0012987013 0.0016638935 7.698229E-4 
! 0.0015337423 0.0031055901 0.0012987013 0.0016638935 0.0038491148 
# 0.0015337423 0.0015527951 0.0025974025 0.0016638935 7.698229E-4 
amneris 0.0015337423 0.0015527951 0.0012987013 0.0016638935 0.0015396458 
grow 0.0015337423 0.0015527951 0.0012987013 0.0016638935 0.0015396458 
sure 0.0015337423 0.0015527951 0.0012987013 0.0016638935 7.698229E-4 
antonio 0.0015337423 0.0015527951 0.0012987013 0.0016638935 0.0015396458 
carefully 0.0015337423 0.0015527951 0.0025974025 0.0016638935 7.698229E-4 
excellent 0.0015337423 0.0015527951 0.0012987013 0.0016638935 0.0015396458 
' 0.0015337423 0.0015527951 0.0012987013 0.0016638935 7.698229E-4 
possess 0.0015337423 0.0015527951 0.0012987013 0.0016638935 0.0015396458 
am 0.0015337423 0.0015527951 0.0012987013 0.0016638935 7.698229E-4 
- 0.0015337423 0.0015527951 0.0012987013 0.0016638935 7.698229E-4 
an 0.0015337423 0.0015527951 0.0012987013 0.0016638935 0.008468052 
version 0.0015337423 0.0015527951 0.0012987013 0.0016638935 0.0015396458 
charismatic 0.0015337423 0.0015527951 0.0025974025 0.0016638935 7.698229E-4 
buyer 0.0015337423 0.0015527951 0.0012987013 0.0016638935 7.698229E-4 
as 0.0015337423 0.0015527951 0.0012987013 0.0016638935 0.0015396458 
at 0.0015337423 0.0015527951 0.003896104 0.0016638935 0.009237875 
applies 0.0015337423 0.0031055901 0.0012987013 0.0016638935 7.698229E-4 
guess 0.0015337423 0.0015527951 0.0012987013 0.0016638935 0.0015396458 
6 0.0015337423 0.0015527951 0.0025974025 0.0016638935 7.698229E-4 
7 0.0015337423 0.0015527951 0.0012987013 0.0016638935 0.0015396458 
bottesini.overview 0.0015337423 0.0015527951 0.0012987013 0.0016638935 0.0015396458 
intermediate 0.0015337423 0.0015527951 0.0012987013 0.0016638935 0.0015396458 
: 0.0015337423 0.0015527951 0.0012987013 0.0016638935 0.0030792917 
looking 0.0030674846 0.0015527951 0.0012987013 0.0016638935 7.698229E-4 
; 0.0015337423 0.0015527951 0.0012987013 0.0016638935 0.0076982295 
densities 0.0015337423 0.0015527951 0.0012987013 0.0016638935 0.0015396458 
much 0.0015337423 0.0015527951 0.0012987013 0.0016638935 7.698229E-4 
? 0.004601227 0.0015527951 0.0025974025 0.0016638935 7.698229E-4 
object 0.0015337423 0.0015527951 0.0012987013 0.0016638935 0.0015396458 
wind 0.0015337423 0.0015527951 0.0012987013 0.0016638935 0.0015396458 
be 0.0015337423 0.0015527951 0.0012987013 0.0016638935 7.698229E-4 
licks 0.0015337423 0.0015527951 0.0025974025 0.0016638935 7.698229E-4 
example 0.0015337423 0.0015527951 0.0012987013 0.0016638935 7.698229E-4 
how 0.0030674846 0.0031055901 0.0012987013 0.0016638935 0.0030792917 
same 0.0015337423 0.0031055901 0.0012987013 0.0016638935 7.698229E-4 
by 0.0015337423 0.0015527951 0.0012987013 0.0016638935 0.0053887605 
outro 0.0015337423 0.0015527951 0.0012987013 0.0016638935 7.698229E-4 
hearing 0.0015337423 0.0015527951 0.0012987013 0.0016638935 0.0015396458 
tremoli 0.0015337423 0.0015527951 0.0012987013 0.0016638935 0.0015396458 
wedding 0.0015337423 0.0015527951 0.0012987013 0.0016638935 0.0015396458 
musician 0.0015337423 0.0015527951 0.0012987013 0.0016638935 0.0023094688 
kraeftig 0.0015337423 0.0015527951 0.0012987013 0.0016638935 0.0015396458 
` 0.0015337423 0.0015527951 0.0012987013 0.0016638935 7.698229E-4 
editorial 0.0015337423 0.0031055901 0.0012987013 0.0016638935 7.698229E-4 
a 0.004601227 0.004658385 0.011688312 0.0016638935 0.015396459 
contain 0.0030674846 0.0015527951 0.0012987013 0.0016638935 7.698229E-4 
g 0.0015337423 0.0015527951 0.0012987013 0.0016638935 7.698229E-4 
i 0.004601227 0.004658385 0.0012987013 0.0016638935 0.0030792917 
libretto 0.0015337423 0.0015527951 0.0012987013 0.0016638935 0.0015396458 
riffs 0.0015337423 0.0015527951 0.0012987013 0.0016638935 7.698229E-4 
pushing 0.0015337423 0.0015527951 0.0012987013 0.0016638935 0.0015396458 
the 0.0015337423 0.004658385 0.016883116 0.0016638935 0.021555042 
fast 0.0015337423 0.0015527951 0.0012987013 0.0016638935 0.0015396458 
workout 0.0015337423 0.0015527951 0.0025974025 0.0016638935 7.698229E-4 
returning 0.0015337423 0.0031055901 0.0012987013 0.0016638935 0.0015396458 
series 0.0015337423 0.0015527951 0.003896104 0.0016638935 7.698229E-4 
speaks 0.0015337423 0.0015527951 0.0012987013 0.0016638935 0.0015396458 
decipher 0.0015337423 0.0015527951 0.0012987013 0.0016638935 0.0015396458 
maestro 0.0015337423 0.0015527951 0.0012987013 0.0016638935 0.0015396458 
instructions 0.0030674846 0.0015527951 0.0012987013 0.0016638935 7.698229E-4 
violent 0.0015337423 0.0015527951 0.0012987013 0.0016638935 0.0015396458 
illuminating 0.0015337423 0.0015527951 0.0012987013 0.0016638935 0.0015396458 
notes 0.0015337423 0.0015527951 0.0012987013 0.0016638935 7.698229E-4 
correct 0.0015337423 0.0015527951 0.0012987013 0.0016638935 7.698229E-4 
gratuitous 0.0015337423 0.0015527951 0.0012987013 0.0016638935 0.0015396458 
beg 0.0015337423 0.0015527951 0.0012987013 0.0016638935 7.698229E-4 
violinists 0.0015337423 0.0015527951 0.0012987013 0.0016638935 0.0023094688 
sometimes 0.0015337423 0.0015527951 0.0012987013 0.0016638935 0.0015396458 
do 0.0015337423 0.0015527951 0.0012987013 0.0016638935 0.0015396458 
good 0.0015337423 0.0015527951 0.0025974025 0.0016638935 7.698229E-4 
hold 0.0015337423 0.0015527951 0.0025974025 0.0016638935 7.698229E-4 
thispiece 0.0015337423 0.0015527951 0.0012987013 0.0016638935 7.698229E-4 
melos 0.0015337423 0.0015527951 0.0012987013 0.0016638935 0.0015396458 
pull-offs 0.0015337423 0.0015527951 0.0012987013 0.0016638935 7.698229E-4 
serious 0.0015337423 0.0015527951 0.0025974025 0.0016638935 0.0015396458 
're 0.0015337423 0.0015527951 0.0025974025 0.0016638935 7.698229E-4 
female 0.0015337423 0.0015527951 0.0012987013 0.0016638935 0.0015396458 
ec 0.0015337423 0.0015527951 0.0012987013 0.0016638935 7.698229E-4 
ontology 0.0015337423 0.0015527951 0.0012987013 0.0016638935 0.0015396458 
ada 0.0015337423 0.0015527951 0.0012987013 0.0016638935 0.0015396458 
emancipation 0.0015337423 0.0015527951 0.0012987013 0.0016638935 0.0015396458 
sviatoslav 0.0015337423 0.0015527951 0.0012987013 0.0016638935 0.0015396458 
succumbed 0.0015337423 0.0015527951 0.0012987013 0.0016638935 0.0015396458 
need 0.0015337423 0.0015527951 0.0012987013 0.0016638935 0.0030792917 
its 0.0015337423 0.0015527951 0.0025974025 0.0016638935 7.698229E-4 
viva 0.0015337423 0.0015527951 0.0012987013 0.0016638935 0.0015396458 
gleening 0.0015337423 0.0015527951 0.0025974025 0.0016638935 7.698229E-4 
lack 0.0015337423 0.0015527951 0.0025974025 0.0016638935 7.698229E-4 
neglected 0.0015337423 0.0015527951 0.0012987013 0.0016638935 0.0015396458 
misleading 0.0015337423 0.0031055901 0.0012987013 0.0016638935 7.698229E-4 
she 0.0015337423 0.0015527951 0.0012987013 0.0016638935 0.0015396458 
nefarious 0.0015337423 0.0015527951 0.0012987013 0.0016638935 0.0015396458 
fluttertongue 0.0015337423 0.0015527951 0.0012987013 0.0016638935 0.0015396458 
gorgeous 0.0015337423 0.0015527951 0.0012987013 0.0016638935 0.0015396458 
authority 0.0015337423 0.0015527951 0.0012987013 0.0016638935 0.0015396458 
parts 0.0015337423 0.0015527951 0.0012987013 0.0016638935 0.0015396458 
therefore 0.0030674846 0.0015527951 0.0012987013 0.0016638935 7.698229E-4 
freud 0.0015337423 0.0015527951 0.0012987013 0.0016638935 0.0015396458 
rigour 0.0015337423 0.0015527951 0.0012987013 0.0016638935 0.0015396458 
timbral 0.0015337423 0.0015527951 0.0012987013 0.0016638935 0.0015396458 
some 0.0015337423 0.0031055901 0.0012987013 0.0016638935 0.0023094688 
production 0.0015337423 0.0015527951 0.0012987013 0.0016638935 0.0015396458 
for 0.004601227 0.0015527951 0.0025974025 0.0016638935 0.009237875 
2011 0.0015337423 0.0015527951 0.0012987013 0.0016638935 0.0015396458 
bach 0.0015337423 0.0015527951 0.0012987013 0.0016638935 0.0015396458 
choose 0.0015337423 0.0015527951 0.0012987013 0.0016638935 0.0015396458 
training 0.0015337423 0.0015527951 0.0012987013 0.0016638935 0.0015396458 
title 0.0015337423 0.0015527951 0.0012987013 0.0016638935 0.0015396458 
watching 0.0015337423 0.0015527951 0.0012987013 0.0016638935 7.698229E-4 
2008 0.0015337423 0.0015527951 0.0012987013 0.0016638935 0.0015396458 
hover 0.0015337423 0.0015527951 0.0012987013 0.0016638935 0.0015396458 
romantic 0.0015337423 0.0015527951 0.0012987013 0.0016638935 0.0015396458 
captured 0.0015337423 0.0015527951 0.0012987013 0.0016638935 0.0015396458 
end 0.0015337423 0.0015527951 0.0012987013 0.0016638935 7.698229E-4 
hard 0.0030674846 0.0015527951 0.0012987013 0.0016638935 0.0015396458 
lines 0.0015337423 0.0015527951 0.0012987013 0.0016638935 0.0030792917 
human 0.0015337423 0.0015527951 0.0012987013 0.0016638935 0.0015396458 
just 0.0015337423 0.0015527951 0.0025974025 0.0016638935 7.698229E-4 
member.the 0.0015337423 0.0015527951 0.0012987013 0.0016638935 0.0015396458 
timbres-pointillistic 0.0015337423 0.0015527951 0.0012987013 0.0016638935 0.0015396458 
spelling 0.0015337423 0.0015527951 0.0012987013 0.0016638935 7.698229E-4 
ethiopian 0.0015337423 0.0015527951 0.0012987013 0.0016638935 0.0015396458 
multiple 0.0015337423 0.0015527951 0.0012987013 0.0016638935 0.0015396458 
perform 0.0015337423 0.0015527951 0.0012987013 0.0016638935 0.0015396458 
solo 0.0015337423 0.0015527951 0.0012987013 0.0016638935 0.0015396458 
penmanship 0.0015337423 0.0015527951 0.0012987013 0.0016638935 0.0015396458 
room 0.0015337423 0.0015527951 0.0012987013 0.0016638935 7.698229E-4 
better 0.0015337423 0.0015527951 0.0025974025 0.0016638935 7.698229E-4 
with 0.0015337423 0.0015527951 0.0025974025 0.0016638935 0.0061585833 
although 0.0015337423 0.0015527951 0.0012987013 0.0016638935 0.0015396458 
arduous 0.0015337423 0.0015527951 0.0012987013 0.0016638935 0.0015396458 
koch 0.0015337423 0.0015527951 0.0025974025 0.0016638935 7.698229E-4 
he 0.0015337423 0.0015527951 0.0025974025 0.0016638935 0.0015396458 
aesthetic 0.0015337423 0.0015527951 0.0012987013 0.0016638935 0.0015396458 
very 0.0015337423 0.0015527951 0.0025974025 0.0016638935 7.698229E-4 
copyright 0.0015337423 0.0015527951 0.0025974025 0.0016638935 7.698229E-4 
advanced 0.0015337423 0.0015527951 0.0012987013 0.0016638935 0.0015396458 
premiered 0.0015337423 0.0015527951 0.0012987013 0.0016638935 0.0015396458 
focus 0.0015337423 0.0015527951 0.0012987013 0.0016638935 0.0015396458 
rebellions 0.0015337423 0.0015527951 0.0012987013 0.0016638935 0.0015396458 
hope 0.0015337423 0.0015527951 0.0012987013 0.0016638935 0.0015396458 
years 0.0015337423 0.0031055901 0.0012987013 0.0016638935 7.698229E-4 
egyptologist 0.0015337423 0.0015527951 0.0012987013 0.0016638935 0.0015396458 
harmonics 0.0015337423 0.0015527951 0.0012987013 0.0016638935 0.0015396458 
loved 0.0015337423 0.0015527951 0.0012987013 0.0016638935 0.0015396458 
four 0.0015337423 0.0015527951 0.0012987013 0.0016638935 0.0015396458 
easily 0.0015337423 0.0015527951 0.0012987013 0.0016638935 0.0015396458 
'd 0.0015337423 0.0015527951 0.0012987013 0.0016638935 0.0015396458 
if 0.0030674846 0.0015527951 0.0025974025 0.0016638935 0.0015396458 
french 0.0015337423 0.0015527951 0.0012987013 0.0016638935 0.0015396458 
song 0.0015337423 0.0015527951 0.0012987013 0.0016638935 7.698229E-4 
clapton 0.0015337423 0.0062111802 0.0012987013 0.0016638935 7.698229E-4 
im 0.0015337423 0.0015527951 0.0012987013 0.0016638935 7.698229E-4 
shape 0.0015337423 0.0015527951 0.0012987013 0.0016638935 0.0015396458 
in 0.0015337423 0.0015527951 0.005194805 0.0016638935 0.010007698 
'm 0.0015337423 0.0031055901 0.0012987013 0.0016638935 7.698229E-4 
bounty 0.0015337423 0.0015527951 0.0012987013 0.0016638935 0.0015396458 
satisfied 0.0015337423 0.0015527951 0.0012987013 0.0016638935 0.0015396458 
loyalty 0.0015337423 0.0015527951 0.0012987013 0.0016638935 0.0015396458 
percussive 0.0015337423 0.0015527951 0.0012987013 0.0016638935 0.0015396458 
handle 0.0015337423 0.0015527951 0.0012987013 0.0016638935 7.698229E-4 
is 0.0030674846 0.004658385 0.011688312 0.0016638935 0.010007698 
it 0.006134969 0.0031055901 0.003896104 0.0016638935 0.0076982295 
's 0.0015337423 0.0015527951 0.0012987013 0.0016638935 0.0046189376 
aimed 0.0015337423 0.0015527951 0.0012987013 0.0016638935 7.698229E-4 
sonata 0.0015337423 0.0015527951 0.0025974025 0.0016638935 7.698229E-4 
melody 0.0015337423 0.0015527951 0.0012987013 0.0016638935 0.0015396458 
contents 0.0030674846 0.0015527951 0.0012987013 0.0016638935 7.698229E-4 
even 0.0015337423 0.0015527951 0.0025974025 0.0016638935 0.0015396458 
strongly 0.0015337423 0.0015527951 0.0012987013 0.0016638935 7.698229E-4 
attracted 0.0015337423 0.0015527951 0.0012987013 0.0016638935 7.698229E-4 
other 0.0015337423 0.0015527951 0.0012987013 0.0016638935 7.698229E-4 
brought 0.0015337423 0.0015527951 0.0012987013 0.0016638935 0.0015396458 
works 0.0015337423 0.0015527951 0.0012987013 0.0016638935 0.0015396458 
musicianship 0.0015337423 0.0015527951 0.0012987013 0.0016638935 0.0015396458 
guy 0.0015337423 0.0015527951 0.0012987013 0.0016638935 7.698229E-4 
literature 0.0015337423 0.0015527951 0.0012987013 0.0016638935 0.0015396458 
library 0.0015337423 0.0015527951 0.0012987013 0.0016638935 7.698229E-4 
listens 0.0015337423 0.0015527951 0.0012987013 0.0016638935 0.0015396458 
-rrb- 0.0015337423 0.0015527951 0.0025974025 0.0016638935 0.0030792917 
have 0.0030674846 0.0015527951 0.005194805 0.0016638935 0.0015396458 
kinda 0.0015337423 0.0015527951 0.0012987013 0.0016638935 7.698229E-4 
december 0.0015337423 0.0015527951 0.0012987013 0.0016638935 0.0015396458 
spectrums 0.0015337423 0.0015527951 0.0012987013 0.0016638935 0.0015396458 
additions 0.0015337423 0.0015527951 0.0012987013 0.0016638935 0.0015396458 
bought 0.0015337423 0.0031055901 0.0012987013 0.0016638935 7.698229E-4 
could 0.0015337423 0.0015527951 0.0012987013 0.0016638935 7.698229E-4 
2nd 0.0015337423 0.0015527951 0.0012987013 0.0016638935 7.698229E-4 
beter 0.0015337423 0.0015527951 0.0012987013 0.0016638935 7.698229E-4 
dispel 0.0015337423 0.0015527951 0.0012987013 0.0016638935 0.0015396458 
off 0.0015337423 0.0015527951 0.0012987013 0.0016638935 7.698229E-4 
generally 0.0015337423 0.0031055901 0.0012987013 0.0016638935 7.698229E-4 
ferneyhough 0.0015337423 0.0015527951 0.0012987013 0.0016638935 0.0023094688 
instruction 0.0030674846 0.0015527951 0.0012987013 0.0016638935 7.698229E-4 
complete 0.0015337423 0.0015527951 0.0012987013 0.0016638935 7.698229E-4 
movement 0.0015337423 0.0015527951 0.0025974025 0.0016638935 7.698229E-4 
fun 0.0015337423 0.0015527951 0.0025974025 0.0016638935 7.698229E-4 
return 0.0015337423 0.0015527951 0.0012987013 0.0016638935 0.0015396458 
opera 0.0015337423 0.0015527951 0.0012987013 0.0016638935 0.0030792917 
minor 0.0015337423 0.0015527951 0.003896104 0.0016638935 7.698229E-4 
almost 0.0015337423 0.0015527951 0.0012987013 0.0016638935 0.0015396458 
subject 0.0015337423 0.0015527951 0.0012987013 0.0016638935 0.0015396458 
annotations 0.0015337423 0.0015527951 0.0012987013 0.0016638935 0.0015396458 
feel 0.0015337423 0.0015527951 0.0012987013 0.0016638935 7.698229E-4 
screen 0.0015337423 0.0015527951 0.0025974025 0.0016638935 7.698229E-4 
main 0.0015337423 0.0015527951 0.0025974025 0.0016638935 7.698229E-4 
hammer-ons 0.0015337423 0.0015527951 0.0012987013 0.0016638935 7.698229E-4 
while 0.0015337423 0.0015527951 0.0025974025 0.0016638935 0.0015396458 
instructing 0.0015337423 0.0015527951 0.0012987013 0.0016638935 7.698229E-4 
that 0.0030674846 0.0015527951 0.0025974025 0.0016638935 0.008468052 
fine 0.0015337423 0.0015527951 0.0025974025 0.0016638935 7.698229E-4 
find 0.0015337423 0.0015527951 0.0025974025 0.0016638935 7.698229E-4 
host 0.0015337423 0.0015527951 0.0025974025 0.0016638935 7.698229E-4 
me 0.0015337423 0.0015527951 0.0012987013 0.0016638935 7.698229E-4 
quite 0.0015337423 0.0015527951 0.0025974025 0.0016638935 0.0023094688 
ghislanzoni 0.0015337423 0.0015527951 0.0012987013 0.0016638935 0.0015396458 
all 0.0030674846 0.0015527951 0.0012987013 0.0016638935 0.0046189376 
always 0.0015337423 0.0015527951 0.0012987013 0.0016638935 0.0015396458 
waste 0.0030674846 0.0015527951 0.0012987013 0.0016638935 7.698229E-4 
new 0.0015337423 0.0015527951 0.0012987013 0.0016638935 0.0015396458 
took 0.0015337423 0.0015527951 0.0012987013 0.0016638935 7.698229E-4 
level 0.0015337423 0.0015527951 0.0012987013 0.0016638935 0.0030792917 
modernity 0.0015337423 0.0015527951 0.0012987013 0.0016638935 0.0015396458 
conducted 0.0015337423 0.0015527951 0.0012987013 0.0016638935 0.0015396458 
seriously 0.0015337423 0.0015527951 0.0025974025 0.0016638935 7.698229E-4 
munich 0.0015337423 0.0015527951 0.0012987013 0.0016638935 0.0015396458 
my 0.0015337423 0.0015527951 0.0012987013 0.0016638935 7.698229E-4 
plus 0.0015337423 0.0015527951 0.0012987013 0.0016638935 0.0015396458 
pleasures 0.0015337423 0.0015527951 0.0012987013 0.0016638935 0.0015396458 
forget 0.0015337423 0.0015527951 0.0012987013 0.0016638935 0.0015396458 
say'ok 0.0015337423 0.0015527951 0.0012987013 0.0016638935 7.698229E-4 
filigreed 0.0015337423 0.0015527951 0.0012987013 0.0016638935 0.0015396458 
diagonals 0.0015337423 0.0015527951 0.0012987013 0.0016638935 0.0015396458 
true 0.0015337423 0.0015527951 0.0012987013 0.0016638935 0.0015396458 
try 0.0015337423 0.0015527951 0.0025974025 0.0016638935 7.698229E-4 
basic 0.0015337423 0.0015527951 0.0025974025 0.0016638935 7.698229E-4 
no 0.0015337423 0.0015527951 0.0025974025 0.0016638935 0.0023094688 
emanate 0.0015337423 0.0015527951 0.0012987013 0.0016638935 0.0015396458 
student 0.0015337423 0.0015527951 0.0012987013 0.0016638935 0.0015396458 
verdi 0.0015337423 0.0015527951 0.0012987013 0.0016638935 0.0015396458 
bowings 0.0015337423 0.0015527951 0.0012987013 0.0016638935 0.0015396458 
times 0.0015337423 0.0015527951 0.0012987013 0.0016638935 0.0015396458 
total 0.0030674846 0.0015527951 0.0012987013 0.0016638935 7.698229E-4 
and 0.0015337423 0.004658385 0.0064935065 0.0016638935 0.011547344 
of 0.004601227 0.0015527951 0.007792208 0.0016638935 0.010007698 
today 0.0015337423 0.0015527951 0.0012987013 0.0016638935 0.0030792917 
cadre 0.0015337423 0.0015527951 0.0012987013 0.0016638935 0.0015396458 
construction 0.0015337423 0.0015527951 0.0012987013 0.0016638935 0.0015396458 
tab.however 0.0015337423 0.0015527951 0.0025974025 0.0016638935 7.698229E-4 
working 0.0015337423 0.0015527951 0.0012987013 0.0016638935 0.0023094688 
make 0.0015337423 0.0015527951 0.0012987013 0.0016638935 7.698229E-4 
hear 0.0015337423 0.0015527951 0.0012987013 0.0016638935 0.0015396458 
knowledgable 0.0015337423 0.0015527951 0.0025974025 0.0016638935 7.698229E-4 
on 0.0015337423 0.0015527951 0.003896104 0.0016638935 0.0038491148 
certainly 0.0015337423 0.0031055901 0.0012987013 0.0016638935 7.698229E-4 
chance 0.0015337423 0.0015527951 0.0025974025 0.0016638935 7.698229E-4 
or 0.0015337423 0.0015527951 0.0012987013 0.0016638935 0.0038491148 
plays 0.0015337423 0.0015527951 0.0012987013 0.0016638935 7.698229E-4 
egypt 0.0015337423 0.0015527951 0.0012987013 0.0016638935 0.0015396458 
spit-tongues 0.0015337423 0.0015527951 0.0012987013 0.0016638935 0.0015396458 
italian 0.0015337423 0.0015527951 0.0012987013 0.0016638935 0.0015396458 
vigour 0.0015337423 0.0015527951 0.0012987013 0.0016638935 0.0015396458 
reallyafter 0.0015337423 0.0015527951 0.0012987013 0.0016638935 7.698229E-4 
complicate 0.0015337423 0.0015527951 0.0012987013 0.0016638935 0.0015396458 
due 0.0015337423 0.0015527951 0.0025974025 0.0016638935 7.698229E-4 
mere 0.0015337423 0.0015527951 0.0012987013 0.0016638935 0.0015396458 
until 0.0015337423 0.0015527951 0.0012987013 0.0016638935 0.0015396458 
emotive 0.0015337423 0.0015527951 0.0012987013 0.0016638935 0.0015396458 
thought 0.0015337423 0.0015527951 0.0012987013 0.0016638935 0.0015396458 
auguste 0.0015337423 0.0015527951 0.0012987013 0.0016638935 0.0015396458 
music.the 0.0015337423 0.0015527951 0.0012987013 0.0016638935 0.0015396458 
about 0.0015337423 0.0015527951 0.0012987013 0.0016638935 0.0038491148 
music.this 0.0015337423 0.0015527951 0.0012987013 0.0016638935 0.0015396458 
concert 0.0030674846 0.0015527951 0.0012987013 0.0016638935 7.698229E-4 
acts 0.0015337423 0.0015527951 0.0012987013 0.0016638935 0.0015396458 
dvd 0.0015337423 0.0031055901 0.0012987013 0.0016638935 7.698229E-4 
meaning 0.0015337423 0.0015527951 0.0012987013 0.0016638935 0.0015396458 
n't 0.0015337423 0.0015527951 0.0012987013 0.0016638935 0.0015396458 
they 0.0015337423 0.0015527951 0.0012987013 0.0016638935 0.0015396458 
based 0.0015337423 0.0015527951 0.0012987013 0.0016638935 0.0015396458 
frustration 0.0015337423 0.0015527951 0.0012987013 0.0016638935 7.698229E-4 
herein 0.0015337423 0.0015527951 0.0012987013 0.0016638935 0.0015396458 
them 0.0030674846 0.0015527951 0.0012987013 0.0016638935 7.698229E-4 
then 0.0015337423 0.0015527951 0.0012987013 0.0016638935 7.698229E-4 
musician.aida 0.0015337423 0.0015527951 0.0012987013 0.0016638935 0.0015396458 
each 0.0015337423 0.0015527951 0.0025974025 0.0016638935 7.698229E-4 
remaining 0.0015337423 0.0015527951 0.0012987013 0.0016638935 0.0015396458 
something 0.0015337423 0.0015527951 0.0012987013 0.0016638935 0.0015396458 
slow 0.0015337423 0.0015527951 0.0025974025 0.0016638935 7.698229E-4 
mariette 0.0015337423 0.0015527951 0.0012987013 0.0016638935 0.0015396458 
constructions 0.0015337423 0.0015527951 0.0012987013 0.0016638935 0.0015396458 
difference 0.0015337423 0.0015527951 0.0012987013 0.0016638935 7.698229E-4 
except 0.0015337423 0.0015527951 0.0025974025 0.0016638935 7.698229E-4 
must 0.0015337423 0.0015527951 0.0012987013 0.0016638935 0.0015396458 
starting 0.0015337423 0.0015527951 0.0025974025 0.0016638935 7.698229E-4 
complexity 0.0015337423 0.0015527951 0.0012987013 0.0016638935 0.0015396458 
24 0.0015337423 0.0015527951 0.0012987013 0.0016638935 0.0015396458 
fact 0.0015337423 0.0015527951 0.0025974025 0.0016638935 0.0015396458 
perfectly 0.0015337423 0.0015527951 0.0012987013 0.0016638935 0.0015396458 
maybe 0.0015337423 0.0015527951 0.0012987013 0.0016638935 0.0015396458 
fret 0.0015337423 0.0015527951 0.0012987013 0.0016638935 7.698229E-4 
extended 0.0015337423 0.0015527951 0.0012987013 0.0016638935 0.0015396458 
into 0.0015337423 0.0015527951 0.0012987013 0.0016638935 0.0015396458 
current 0.0015337423 0.0015527951 0.0012987013 0.0016638935 0.0015396458 
are 0.0015337423 0.0031055901 0.0012987013 0.0016638935 0.0038491148 
scenario 0.0015337423 0.0015527951 0.0012987013 0.0016638935 0.0015396458 
does 0.0030674846 0.0015527951 0.0012987013 0.0016638935 0.0023094688 
taken 0.0015337423 0.0015527951 0.0025974025 0.0016638935 7.698229E-4 
carin 0.0015337423 0.0015527951 0.0012987013 0.0016638935 0.0015396458 
where 0.0015337423 0.0015527951 0.0012987013 0.0016638935 0.0015396458 
so 0.0015337423 0.0015527951 0.0012987013 0.0016638935 7.698229E-4 
takes 0.0015337423 0.0015527951 0.0012987013 0.0016638935 7.698229E-4 
ericclapton 0.0015337423 0.0015527951 0.0012987013 0.0016638935 7.698229E-4 
arduousness 0.0015337423 0.0015527951 0.0012987013 0.0016638935 0.0023094688 
think 0.0015337423 0.0015527951 0.0012987013 0.0016638935 0.0015396458 
surplus 0.0015337423 0.0015527951 0.0012987013 0.0016638935 0.0015396458 
though 0.0015337423 0.0015527951 0.0012987013 0.0016638935 0.0015396458 
weary 0.0015337423 0.0015527951 0.0012987013 0.0016638935 0.0015396458 
one 0.0015337423 0.0015527951 0.0025974025 0.0016638935 0.0023094688 
makes 0.0015337423 0.0015527951 0.0012987013 0.0016638935 0.0015396458 
giovanni 0.0015337423 0.0015527951 0.0012987013 0.0016638935 0.0015396458 
many 0.0030674846 0.0015527951 0.0012987013 0.0016638935 7.698229E-4 
... 0.0015337423 0.0015527951 0.0012987013 0.0016638935 0.0076982295 
need/want 0.0030674846 0.0015527951 0.0012987013 0.0016638935 7.698229E-4 
pull 0.0015337423 0.0015527951 0.0012987013 0.0016638935 7.698229E-4 
pentatonic 0.0015337423 0.0015527951 0.003896104 0.0016638935 7.698229E-4 
watch 0.0015337423 0.0015527951 0.003896104 0.0016638935 7.698229E-4 
impart 0.0015337423 0.0015527951 0.0012987013 0.0016638935 0.0015396458 
marvelous 0.0015337423 0.0015527951 0.0012987013 0.0016638935 0.0015396458 
holds 0.0015337423 0.0015527951 0.0012987013 0.0016638935 0.0015396458 
musica 0.0015337423 0.0015527951 0.0012987013 0.0016638935 0.0015396458 
startes 0.0015337423 0.0015527951 0.0012987013 0.0016638935 7.698229E-4 
to 0.006134969 0.004658385 0.0064935065 0.0016638935 0.010777521 
feelings 0.0015337423 0.0015527951 0.0012987013 0.0016638935 0.0015396458 
open 0.0015337423 0.0015527951 0.0012987013 0.0016638935 7.698229E-4 
story 0.0015337423 0.0015527951 0.0012987013 0.0016638935 0.0015396458 
but 0.0015337423 0.0031055901 0.0012987013 0.0016638935 0.0015396458 
aspiring 0.0015337423 0.0015527951 0.0012987013 0.0016638935 0.0015396458 
clips 0.0015337423 0.0031055901 0.0012987013 0.0016638935 7.698229E-4 
nocturnes 0.0030674846 0.0015527951 0.0012987013 0.0016638935 7.698229E-4 
aida 0.0015337423 0.0015527951 0.0012987013 0.0016638935 0.0030792917 
had 0.0015337423 0.0015527951 0.0012987013 0.0016638935 7.698229E-4 
run 0.0015337423 0.0015527951 0.0012987013 0.0016638935 7.698229E-4 
orchestral 0.0015337423 0.0015527951 0.0012987013 0.0016638935 0.0015396458 
someplace 0.0015337423 0.0015527951 0.0012987013 0.0016638935 0.0015396458 
intermed 0.0015337423 0.0015527951 0.0012987013 0.0016638935 7.698229E-4 
pharaoh 0.0015337423 0.0015527951 0.0012987013 0.0016638935 0.0023094688 
incomplete 0.0015337423 0.0015527951 0.0025974025 0.0016638935 7.698229E-4 
richter 0.0015337423 0.0015527951 0.0012987013 0.0016638935 0.0015396458 
white 0.0015337423 0.0015527951 0.0012987013 0.0016638935 7.698229E-4 
differing 0.0015337423 0.0015527951 0.0012987013 0.0016638935 0.0023094688 
lick 0.0015337423 0.0015527951 0.0025974025 0.0016638935 7.698229E-4 
registers 0.0015337423 0.0015527951 0.0012987013 0.0016638935 0.0015396458 
military 0.0015337423 0.0015527951 0.0012987013 0.0016638935 0.0015396458 
yourself 0.0015337423 0.0015527951 0.0025974025 0.0016638935 7.698229E-4 
ah-ee-dah 0.0015337423 0.0015527951 0.0012987013 0.0016638935 0.0015396458 
has 0.0015337423 0.0015527951 0.005194805 0.0016638935 0.0053887605 
up 0.0015337423 0.0015527951 0.0025974025 0.0016638935 7.698229E-4 
written 0.0015337423 0.0015527951 0.0012987013 0.0016638935 0.0023094688 
starts 0.0015337423 0.0015527951 0.0012987013 0.0016638935 7.698229E-4 
slap-keys 0.0015337423 0.0015527951 0.0012987013 0.0016638935 0.0015396458 
budget 0.0015337423 0.0015527951 0.0012987013 0.0016638935 0.0015396458 
pronounced 0.0015337423 0.0015527951 0.0012987013 0.0016638935 0.0015396458 
last 0.0015337423 0.0015527951 0.0025974025 0.0016638935 0.0015396458 
purchases 0.0015337423 0.0015527951 0.0012987013 0.0016638935 7.698229E-4 
might 0.0015337423 0.0015527951 0.0012987013 0.0016638935 0.0015396458 
this 0.0030674846 0.0062111802 0.005194805 0.0016638935 0.0076982295 
doubt 0.0015337423 0.0015527951 0.0025974025 0.0016638935 7.698229E-4 
reasonably 0.0015337423 0.0015527951 0.0025974025 0.0016638935 7.698229E-4 
unencumbered 0.0015337423 0.0015527951 0.0012987013 0.0016638935 0.0015396458 
look 0.0015337423 0.0015527951 0.0012987013 0.0016638935 0.0015396458 
dense 0.0015337423 0.0015527951 0.0012987013 0.0016638935 0.0015396458 
bursts 0.0015337423 0.0015527951 0.0012987013 0.0016638935 0.0015396458 
levine 0.0015337423 0.0015527951 0.0012987013 0.0016638935 0.0015396458 
obscure 0.0015337423 0.0015527951 0.0012987013 0.0016638935 7.698229E-4 
carefull 0.0015337423 0.0015527951 0.0012987013 0.0016638935 7.698229E-4 
name 0.0015337423 0.0015527951 0.0012987013 0.0016638935 0.0015396458 
know 0.0015337423 0.0015527951 0.0012987013 0.0016638935 0.0023094688 
playing 0.0015337423 0.0015527951 0.0012987013 0.0016638935 0.0046189376 
book 0.0015337423 0.0015527951 0.0012987013 0.0016638935 0.0015396458 
shaped 0.0015337423 0.0015527951 0.0012987013 0.0016638935 0.0015396458 
description 0.0015337423 0.0031055901 0.0012987013 0.0016638935 7.698229E-4 
edition 0.0015337423 0.0015527951 0.0012987013 0.0016638935 0.0023094688 
effort 0.0015337423 0.0015527951 0.0012987013 0.0016638935 7.698229E-4 
video 0.0015337423 0.004658385 0.0025974025 0.0016638935 7.698229E-4 
austere 0.0015337423 0.0015527951 0.0012987013 0.0016638935 0.0015396458 
frustrating 0.0015337423 0.0015527951 0.0012987013 0.0016638935 7.698229E-4 
house 0.0015337423 0.0015527951 0.0012987013 0.0016638935 0.0015396458 
blues 0.0015337423 0.0015527951 0.0025974025 0.0016638935 7.698229E-4 
leftovers 0.0015337423 0.0015527951 0.0012987013 0.0016638935 0.0015396458 
life 0.0015337423 0.0015527951 0.0012987013 0.0016638935 0.0015396458 
speed 0.0015337423 0.0015527951 0.0025974025 0.0016638935 7.698229E-4 
we 0.0015337423 0.0015527951 0.0012987013 0.0016638935 0.0053887605 
anything 0.0015337423 0.0015527951 0.0025974025 0.0016638935 7.698229E-4 
on-screen 0.0015337423 0.0015527951 0.0025974025 0.0016638935 7.698229E-4 
giuseppe 0.0015337423 0.0015527951 0.0012987013 0.0016638935 0.0015396458 
not 0.0030674846 0.0031055901 0.0012987013 0.0016638935 0.0038491148 
radames 0.0015337423 0.0015527951 0.0012987013 0.0016638935 0.0023094688 
gap 0.0015337423 0.0015527951 0.0012987013 0.0016638935 0.0015396458 
now 0.0015337423 0.0015527951 0.0012987013 0.0016638935 0.0023094688 
missing 0.0015337423 0.0015527951 0.0025974025 0.0016638935 7.698229E-4 
threadbare 0.0015337423 0.0015527951 0.0012987013 0.0016638935 0.0015396458 
wo 0.0015337423 0.0015527951 0.0012987013 0.0016638935 7.698229E-4 
early 0.0015337423 0.0031055901 0.0012987013 0.0016638935 7.698229E-4 
green 0.0015337423 0.0015527951 0.0012987013 0.0016638935 0.0015396458 
some?unable 0.0030674846 0.0015527951 0.0012987013 0.0016638935 7.698229E-4 
cairo 0.0015337423 0.0015527951 0.0012987013 0.0016638935 0.0015396458 
dramatic 0.0015337423 0.0015527951 0.0012987013 0.0016638935 0.0015396458 
was 0.004601227 0.0015527951 0.0012987013 0.0016638935 0.0046189376 
sehr 0.0015337423 0.0015527951 0.0012987013 0.0016638935 0.0015396458 
way 0.0015337423 0.0015527951 0.0012987013 0.0016638935 7.698229E-4 
flute 0.0015337423 0.0015527951 0.0012987013 0.0016638935 0.0015396458 
pleasurable 0.0015337423 0.0015527951 0.0012987013 0.0016638935 0.0015396458 
succored 0.0015337423 0.0015527951 0.0012987013 0.0016638935 0.0015396458 
what 0.0030674846 0.0015527951 0.0025974025 0.0016638935 0.0015396458 
money 0.0030674846 0.0015527951 0.0012987013 0.0016638935 7.698229E-4 
urban 0.0015337423 0.0015527951 0.0012987013 0.0016638935 0.0015396458 
delightful 0.0015337423 0.0015527951 0.0012987013 0.0016638935 0.0015396458 
ones 0.0015337423 0.0015527951 0.0012987013 0.0016638935 0.0023094688 
time 0.0015337423 0.0015527951 0.0012987013 0.0016638935 7.698229E-4 
greg 0.0015337423 0.0015527951 0.0025974025 0.0016638935 7.698229E-4 
play 0.0030674846 0.0015527951 0.0012987013 0.0016638935 0.0030792917 
decide 0.0030674846 0.0015527951 0.0012987013 0.0016638935 7.698229E-4 
-lrb- 0.0015337423 0.0015527951 0.0025974025 0.0016638935 0.0030792917 
fan 0.0015337423 0.0015527951 0.0012987013 0.0016638935 0.0015396458 
piano 0.0015337423 0.0015527951 0.0012987013 0.0016638935 0.0015396458 
problem 0.0015337423 0.0015527951 0.0025974025 0.0016638935 7.698229E-4 
her 0.0015337423 0.0015527951 0.0012987013 0.0016638935 0.0030792917 
premise 0.0015337423 0.0015527951 0.0012987013 0.0016638935 0.0015396458 
price 0.0015337423 0.0015527951 0.0012987013 0.0016638935 0.0015396458 
review 0.0015337423 0.0031055901 0.0012987013 0.0016638935 7.698229E-4 
slavery 0.0015337423 0.0015527951 0.0012987013 0.0016638935 0.0015396458 
aisthetic 0.0015337423 0.0015527951 0.0012987013 0.0016638935 0.0015396458 
princess 0.0015337423 0.0015527951 0.0012987013 0.0016638935 0.0015396458 
between 0.0015337423 0.0015527951 0.0012987013 0.0016638935 0.0015396458 
struggle 0.0015337423 0.0015527951 0.0012987013 0.0016638935 0.0015396458 
mega-star 0.0015337423 0.0015527951 0.0012987013 0.0016638935 7.698229E-4 
give 0.0015337423 0.0015527951 0.0025974025 0.0016638935 7.698229E-4 
still 0.0015337423 0.0015527951 0.0012987013 0.0016638935 0.0030792917 
having 0.0015337423 0.0015527951 0.0025974025 0.0016638935 7.698229E-4 
convincing 0.0015337423 0.0015527951 0.0012987013 0.0016638935 0.0015396458 
players 0.0015337423 0.0015527951 0.0012987013 0.0016638935 7.698229E-4 
work 0.0015337423 0.0015527951 0.0012987013 0.0016638935 0.0061585833 
come 0.0015337423 0.0015527951 0.0012987013 0.0016638935 0.0023094688 
exist 0.0015337423 0.0015527951 0.0012987013 0.0016638935 0.0015396458 
itself 0.0015337423 0.0015527951 0.0012987013 0.0016638935 0.0023094688 
toward 0.0015337423 0.0015527951 0.0012987013 0.0016638935 0.0015396458 
style 0.0015337423 0.0015527951 0.0025974025 0.0016638935 7.698229E-4 
theory 0.0015337423 0.0015527951 0.0012987013 0.0016638935 0.0015396458 
love 0.0015337423 0.0015527951 0.0012987013 0.0016638935 0.0015396458 
expressionistic 0.0015337423 0.0015527951 0.0012987013 0.0016638935 0.0015396458 
mega-speed 0.0015337423 0.0015527951 0.0012987013 0.0016638935 0.0015396458 
glissandi 0.0015337423 0.0015527951 0.0012987013 0.0016638935 0.0015396458 
artist 0.0015337423 0.0015527951 0.0012987013 0.0016638935 7.698229E-4 
khedivial 0.0015337423 0.0015527951 0.0012987013 0.0016638935 0.0015396458 
gods 0.0015337423 0.0015527951 0.0012987013 0.0016638935 0.0023094688 
classical 0.0015337423 0.0015527951 0.0012987013 0.0016638935 0.0015396458 
direct 0.0015337423 0.0015527951 0.0012987013 0.0016638935 0.0015396458 
foundation 0.0015337423 0.0015527951 0.0025974025 0.0016638935 7.698229E-4 
dome 0.0015337423 0.0015527951 0.0012987013 0.0016638935 7.698229E-4 
libidinal 0.0015337423 0.0015527951 0.0012987013 0.0016638935 0.0015396458 
fest 0.0015337423 0.0015527951 0.0012987013 0.0016638935 0.0015396458 
out 0.0015337423 0.0015527951 0.0025974025 0.0016638935 7.698229E-4 
across 0.0015337423 0.0015527951 0.0012987013 0.0016638935 0.0015396458 
ms.levine 0.0015337423 0.0015527951 0.0012987013 0.0016638935 0.0015396458 
flaw 0.0015337423 0.0015527951 0.0025974025 0.0016638935 7.698229E-4 
klangfarben 0.0015337423 0.0015527951 0.0012987013 0.0016638935 0.0015396458 
low 0.0015337423 0.0015527951 0.0012987013 0.0016638935 0.0015396458 
web 0.0015337423 0.0015527951 0.0025974025 0.0016638935 7.698229E-4 
1871 0.0015337423 0.0015527951 0.0012987013 0.0016638935 0.0015396458 
arabic 0.0015337423 0.0015527951 0.0012987013 0.0016638935 0.0015396458 
distinguishable 0.0015337423 0.0015527951 0.0012987013 0.0016638935 0.0015396458 
ear 0.0015337423 0.0015527951 0.0012987013 0.0016638935 0.0015396458 
get 0.0015337423 0.0015527951 0.0012987013 0.0016638935 0.0015396458 
unabashed 0.0015337423 0.0015527951 0.0012987013 0.0016638935 7.698229E-4 
wistful 0.0015337423 0.0015527951 0.0012987013 0.0016638935 0.0015396458 
copy 0.0015337423 0.0015527951 0.0012987013 0.0016638935 0.0015396458 
place 0.0015337423 0.0015527951 0.0012987013 0.0016638935 0.0015396458 
power 0.0015337423 0.0015527951 0.0012987013 0.0016638935 0.0015396458 
buddy 0.0015337423 0.0015527951 0.0012987013 0.0016638935 0.0015396458 
informed 0.0015337423 0.0015527951 0.0012987013 0.0016638935 7.698229E-4 
performer 0.0015337423 0.0015527951 0.0012987013 0.0016638935 0.0023094688 
inhabit 0.0015337423 0.0015527951 0.0012987013 0.0016638935 0.0015396458 
more 0.0015337423 0.0015527951 0.0012987013 0.0016638935 0.0015396458 
urtext 0.0015337423 0.0015527951 0.0012987013 0.0016638935 0.0015396458 
suggest 0.0015337423 0.0015527951 0.0012987013 0.0016638935 0.0015396458 
vivaldi 0.0015337423 0.0015527951 0.0012987013 0.0016638935 0.0015396458 
great 0.0015337423 0.0015527951 0.0012987013 0.0016638935 0.0023094688 
performed 0.0015337423 0.0015527951 0.0012987013 0.0016638935 0.0015396458 
nice 0.0015337423 0.0015527951 0.0012987013 0.0016638935 0.0015396458 
causality 0.0015337423 0.0015527951 0.0012987013 0.0016638935 0.0015396458 
expect 0.0015337423 0.0015527951 0.0025974025 0.0016638935 7.698229E-4 
site 0.0015337423 0.0015527951 0.0025974025 0.0016638935 7.698229E-4 
wasin 0.0015337423 0.0015527951 0.0012987013 0.0016638935 7.698229E-4 
songs 0.0030674846 0.0015527951 0.0025974025 0.0016638935 7.698229E-4 
runs 0.0015337423 0.0015527951 0.0012987013 0.0016638935 7.698229E-4 
first 0.0015337423 0.0015527951 0.0012987013 0.0016638935 0.0015396458 
dimensions 0.0015337423 0.0015527951 0.0012987013 0.0016638935 0.0015396458 
perfect 0.0015337423 0.0015527951 0.0012987013 0.0016638935 0.0015396458 
own 0.0015337423 0.0015527951 0.0025974025 0.0016638935 0.0015396458 
possession 0.0015337423 0.0015527951 0.0012987013 0.0016638935 0.0015396458 
sound 0.0015337423 0.0015527951 0.0012987013 0.0016638935 0.0015396458 
existence 0.0015337423 0.0015527951 0.0012987013 0.0016638935 0.0015396458 
simple 0.0015337423 0.0015527951 0.0012987013 0.0016638935 0.0015396458 
spelled 0.0015337423 0.0015527951 0.0012987013 0.0016638935 0.0015396458 
him 0.0015337423 0.0015527951 0.0012987013 0.0016638935 0.0015396458 
space 0.0015337423 0.0015527951 0.0012987013 0.0016638935 0.0015396458 
commander 0.0015337423 0.0015527951 0.0012987013 0.0016638935 0.0015396458 
his 0.0030674846 0.0015527951 0.0012987013 0.0016638935 0.0030792917 
tab 0.0015337423 0.0015527951 0.003896104 0.0016638935 7.698229E-4 
portfolio 0.0015337423 0.0015527951 0.0025974025 0.0016638935 7.698229E-4 
should 0.0030674846 0.0015527951 0.0025974025 0.0016638935 0.0015396458 
struggles 0.0015337423 0.0015527951 0.0012987013 0.0016638935 0.0015396458 
from 0.0015337423 0.0031055901 0.0025974025 0.0016638935 0.0030792917 
totally 0.0015337423 0.0015527951 0.0012987013 0.0016638935 0.0015396458 
day 0.0015337423 0.0015527951 0.0012987013 0.0016638935 7.698229E-4 
otherwise 0.0015337423 0.0015527951 0.0012987013 0.0016638935 0.0015396458 
violin 0.0015337423 0.0015527951 0.0012987013 0.0016638935 0.0030792917 
arresting 0.0015337423 0.0015527951 0.0012987013 0.0016638935 0.0015396458 
goes 0.0015337423 0.0015527951 0.0012987013 0.0016638935 7.698229E-4 
minutes 0.0015337423 0.0015527951 0.0012987013 0.0016638935 0.0015396458 
format 0.0015337423 0.0015527951 0.0025974025 0.0016638935 7.698229E-4 
ugly 0.0015337423 0.0015527951 0.0012987013 0.0016638935 0.0015396458 
history 0.0015337423 0.0015527951 0.0012987013 0.0016638935 7.698229E-4 
concerto 0.0015337423 0.0015527951 0.0012987013 0.0016638935 0.0023094688 
evocative 0.0015337423 0.0015527951 0.0012987013 0.0016638935 0.0015396458 
job 0.0015337423 0.0015527951 0.0012987013 0.0016638935 7.698229E-4 
visitor 0.0015337423 0.0015527951 0.0012987013 0.0016638935 0.0015396458 
daughter 0.0015337423 0.0015527951 0.0012987013 0.0016638935 0.0015396458 
tossed 0.0015337423 0.0015527951 0.0012987013 0.0016638935 0.0015396458 
gmaj 0.0015337423 0.0015527951 0.0012987013 0.0016638935 7.698229E-4 
who 0.0015337423 0.0015527951 0.0012987013 0.0016638935 0.0015396458 
youtube 0.0015337423 0.0015527951 0.0012987013 0.0016638935 0.0015396458 
downloadable 0.0015337423 0.0015527951 0.0025974025 0.0016638935 7.698229E-4 
their 0.0015337423 0.0015527951 0.0025974025 0.0016638935 7.698229E-4 
alto 0.0015337423 0.0015527951 0.0012987013 0.0016638935 0.0015396458 
commonplace 0.0015337423 0.0015527951 0.0012987013 0.0016638935 0.0015396458 
video.if 0.0015337423 0.0015527951 0.0025974025 0.0016638935 7.698229E-4 
can 0.0015337423 0.0015527951 0.0025974025 0.0016638935 0.0015396458 
moments 0.0015337423 0.0015527951 0.0012987013 0.0016638935 0.0015396458 
along 0.0015337423 0.0015527951 0.0012987013 0.0016638935 0.0015396458 
joy 0.0015337423 0.0015527951 0.0012987013 0.0016638935 0.0015396458 
structural 0.0015337423 0.0015527951 0.0012987013 0.0016638935 0.0023094688 
determnine 0.0030674846 0.0015527951 0.0012987013 0.0016638935 7.698229E-4 
arrau 0.0015337423 0.0015527951 0.0012987013 0.0016638935 0.0015396458 
studies 0.0015337423 0.0015527951 0.0012987013 0.0016638935 7.698229E-4 
david 0.0015337423 0.0015527951 0.0012987013 0.0016638935 0.0015396458 
said 0.0030674846 0.0015527951 0.0012987013 0.0016638935 0.0015396458 
accompaniment 0.0015337423 0.0015527951 0.0012987013 0.0016638935 0.0015396458 
value 0.0015337423 0.0015527951 0.0012987013 0.0016638935 0.0015396458 
player 0.0015337423 0.0015527951 0.0025974025 0.0016638935 7.698229E-4 
lifeworlds 0.0015337423 0.0015527951 0.0012987013 0.0016638935 0.0015396458 
oistrakh 0.0015337423 0.0015527951 0.0012987013 0.0016638935 0.0015396458 
original 0.0015337423 0.0015527951 0.0012987013 0.0016638935 0.0015396458 
cognition 0.0015337423 0.0015527951 0.0012987013 0.0016638935 0.0015396458 
will 0.0015337423 0.0015527951 0.0012987013 0.0016638935 0.0015396458 
'll 0.0015337423 0.0015527951 0.0025974025 0.0016638935 7.698229E-4 
spent 0.0015337423 0.0015527951 0.0012987013 0.0016638935 7.698229E-4 
also 0.0015337423 0.0015527951 0.0012987013 0.0016638935 7.698229E-4 
say 0.0015337423 0.0015527951 0.0012987013 0.0016638935 7.698229E-4 
claudio 0.0015337423 0.0015527951 0.0012987013 0.0016638935 0.0015396458 
played 0.0015337423 0.0015527951 0.0025974025 0.0016638935 7.698229E-4 
ultimately 0.0015337423 0.0015527951 0.0012987013 0.0016638935 7.698229E-4 
really 0.0015337423 0.0015527951 0.0012987013 0.0016638935 7.698229E-4 
dashes 0.0015337423 0.0015527951 0.0012987013 0.0016638935 0.0015396458 
fragment 0.0015337423 0.0015527951 0.0012987013 0.0016638935 0.0015396458 
someone 0.0015337423 0.0015527951 0.0012987013 0.0016638935 0.0015396458 
a7 0.0015337423 0.0015527951 0.0012987013 0.0016638935 7.698229E-4 
rewinding 0.0015337423 0.0015527951 0.0012987013 0.0016638935 7.698229E-4 
challenge 0.0015337423 0.0015527951 0.0025974025 0.0016638935 7.698229E-4 
uses 0.0015337423 0.0015527951 0.0012987013 0.0016638935 0.0015396458 
further 0.0015337423 0.0015527951 0.0012987013 0.0016638935 0.0015396458 
simply 0.0015337423 0.0015527951 0.0012987013 0.0016638935 0.0015396458 
